-1,0,43,31,1
-1,0,114,3,1
-1,0,91,81,1
-1,0,35,3,1
-1,0,27,4,1
-1,0,45,26,1
-1,0,6,93,1
-1,0,3,96,1
0,1,45,18,1
0,1,36,32,1
0,1,56,53,1
0,1,27,4,1
0,1,90,21,1
0,1,102,3,1
0,1,41,52,1
0,1,5,26,1
1,2,83,48,1
1,2,110,12,1
1,2,72,28,1
1,2,49,27,1
1,2,54,15,1
1,2,37,5,1
1,2,13,65,1
1,2,54,106,1
2,3,71,30,1
2,3,31,25,1
2,3,83,67,1
2,3,76,43,1
2,3,86,44,1
2,3,25,4,1
2,3,0,93,1
2,3,76,98,1
3,4,64,45,1
3,4,71,38,1
3,4,53,49,1
3,4,51,28,1
3,4,64,34,1
3,4,76,43,1
3,4,50,119,1
3,4,86,99,1
4,5,85,3,1
4,5,47,24,1
4,5,35,13,1
4,5,21,20,1
4,5,106,24,1
4,5,94,7,1
4,5,34,42,1
4,5,77,81,1
5,6,118,56,1
5,6,102,79,1
5,6,38,17,1
5,6,62,16,1
5,6,26,3,1
5,6,44,39,1
5,6,3,21,1
5,6,22,62,1
6,7,55,39,1
6,7,76,50,1
6,7,42,27,1
6,7,23,2,1
6,7,34,13,1
6,7,109,47,1
6,7,54,61,1
6,7,9,44,1
7,8,71,33,1
7,8,30,7,1
7,8,109,86,1
7,8,67,17,1
7,8,61,43,1
7,8,25,24,1
7,8,80,109,1
7,8,21,111,1
8,9,80,17,1
8,9,37,22,1
8,9,22,12,1
8,9,99,32,1
8,9,90,34,1
8,9,77,7,1
8,9,24,68,1
8,9,3,36,1
9,10,48,3,1
9,10,53,37,1
9,10,67,49,1
9,10,34,7,1
9,10,115,35,1
9,10,50,45,1
9,10,73,86,1
9,10,35,115,1
10,11,61,14,1
10,11,92,40,1
10,11,111,45,1
10,11,108,17,1
10,11,43,31,1
10,11,63,61,1
10,11,37,69,1
10,11,63,90,1
11,12,61,11,1
11,12,71,49,1
11,12,99,66,1
11,12,80,44,1
11,12,41,33,1
11,12,91,78,1
11,12,3,92,1
11,12,1,87,1
12,13,87,9,1
12,13,81,19,1
12,13,41,38,1
12,13,35,3,1
12,13,95,37,1
12,13,48,37,1
12,13,19,36,1
12,13,26,105,1
13,14,56,32,1
13,14,110,49,1
13,14,52,0,1
13,14,106,79,1
13,14,62,11,1
13,14,35,22,1
13,14,47,83,1
13,14,1,23,1
14,15,76,47,1
14,15,25,16,1
14,15,65,57,1
14,15,84,24,1
14,15,57,18,1
14,15,43,28,1
14,15,2,71,1
14,15,37,70,1
15,16,41,23,1
15,16,47,42,1
15,16,87,3,1
15,16,104,6,1
15,16,58,0,1
15,16,115,38,1
15,16,40,90,1
15,16,52,60,1
16,17,78,3,1
16,17,100,48,1
16,17,98,85,1
16,17,110,63,1
16,17,89,27,1
16,17,106,57,1
16,17,42,64,1
16,17,27,102,1
17,18,68,35,1
17,18,111,47,1
17,18,56,39,1
17,18,64,26,1
17,18,64,3,1
17,18,81,68,1
17,18,49,64,1
17,18,14,44,1
18,19,21,18,1
18,19,78,54,1
18,19,95,42,1
18,19,117,95,1
18,19,53,28,1
18,19,47,41,1
18,19,0,56,1
18,19,91,113,1
19,20,55,50,1
19,20,99,86,1
19,20,49,44,1
19,20,24,11,1
19,20,33,22,1
19,20,97,50,1
19,20,47,52,1
19,20,20,25,1
20,21,101,40,1
20,21,63,8,1
20,21,119,110,1
20,21,65,63,1
20,21,26,19,1
20,21,106,37,1
20,21,11,82,1
20,21,7,67,1
21,22,73,61,1
21,22,103,22,1
21,22,105,76,1
21,22,42,18,1
21,22,47,25,1
21,22,33,26,1
21,22,19,57,1
21,22,49,62,1
22,23,113,44,1
22,23,76,47,1
22,23,43,8,1
22,23,25,4,1
22,23,83,51,1
22,23,86,28,1
22,23,92,119,1
22,23,19,81,1
23,24,101,10,1
23,24,34,13,1
23,24,89,15,1
23,24,59,47,1
23,24,49,10,1
23,24,58,3,1
23,24,27,118,1
23,24,43,101,1
24,25,112,85,1
24,25,58,19,1
24,25,113,63,1
24,25,76,27,1
24,25,39,6,1
24,25,85,63,1
24,25,23,28,1
24,25,46,80,1
25,26,27,11,1
25,26,94,86,1
25,26,115,6,1
25,26,55,44,1
25,26,31,22,1
25,26,61,35,1
25,26,0,111,1
25,26,40,52,1
26,27,26,19,1
26,27,73,25,1
26,27,44,29,1
26,27,56,39,1
26,27,69,54,1
26,27,71,28,1
26,27,43,82,1
26,27,62,66,1
27,28,41,27,1
27,28,115,35,1
27,28,83,34,1
27,28,55,39,1
27,28,96,21,1
27,28,118,46,1
27,28,29,38,1
27,28,75,90,1
28,29,79,27,1
28,29,58,41,1
28,29,112,0,1
28,29,31,0,1
28,29,53,22,1
28,29,58,43,1
28,29,10,77,1
28,29,33,51,1
29,30,77,41,1
29,30,105,23,1
29,30,104,26,1
29,30,112,68,1
29,30,119,11,1
29,30,92,19,1
29,30,1,32,1
29,30,63,91,1
30,31,93,13,1
30,31,96,93,1
30,31,97,80,1
30,31,63,57,1
30,31,32,27,1
30,31,96,21,1
30,31,49,65,1
30,31,22,89,1
31,32,106,37,1
31,32,80,52,1
31,32,55,36,1
31,32,44,25,1
31,32,46,2,1
31,32,54,6,1
31,32,41,60,1
31,32,0,55,1
32,33,88,59,1
32,33,25,22,1
32,33,28,22,1
32,33,115,25,1
32,33,79,39,1
32,33,22,1,1
32,33,5,22,1
32,33,70,77,1
33,34,103,46,1
33,34,111,49,1
33,34,116,15,1
33,34,102,25,1
33,34,119,55,1
33,34,92,63,1
33,34,3,87,1
33,34,38,72,1
34,35,27,11,1
34,35,58,8,1
34,35,70,22,1
34,35,106,11,1
34,35,38,16,1
34,35,110,42,1
34,35,15,96,1
34,35,15,76,1
35,36,94,33,1
35,36,116,29,1
35,36,69,31,1
35,36,104,28,1
35,36,71,24,1
35,36,61,49,1
35,36,17,57,1
35,36,5,101,1
36,37,79,36,1
36,37,70,18,1
36,37,101,37,1
36,37,62,49,1
36,37,84,82,1
36,37,64,42,1
36,37,21,111,1
36,37,79,81,1
37,38,83,67,1
37,38,97,82,1
37,38,74,70,1
37,38,64,3,1
37,38,88,26,1
37,38,59,9,1
37,38,26,106,1
37,38,0,14,1
38,39,40,0,1
38,39,39,33,1
38,39,40,16,1
38,39,52,41,1
38,39,88,70,1
38,39,62,39,1
38,39,68,70,1
38,39,20,80,1
39,40,97,80,1
39,40,56,39,1
39,40,65,3,1
39,40,23,12,1
39,40,92,3,1
39,40,84,25,1
39,40,10,46,1
39,40,6,104,1
40,41,100,26,1
40,41,97,25,1
40,41,105,29,1
40,41,117,27,1
40,41,62,59,1
40,41,115,44,1
40,41,21,53,1
40,41,70,118,1
41,42,56,39,1
41,42,44,4,1
41,42,42,17,1
41,42,67,60,1
41,42,45,7,1
41,42,30,21,1
41,42,59,88,1
41,42,29,31,1
42,43,70,59,1
42,43,53,22,1
42,43,41,17,1
42,43,112,97,1
42,43,59,19,1
42,43,13,0,1
42,43,67,69,1
42,43,30,62,1
43,44,109,75,1
43,44,78,31,1
43,44,79,6,1
43,44,71,33,1
43,44,76,47,1
43,44,61,3,1
43,44,22,34,1
43,44,22,58,1
44,45,85,3,1
44,45,32,10,1
44,45,45,32,1
44,45,71,30,1
44,45,83,34,1
44,45,52,36,1
44,45,27,59,1
44,45,89,93,1
45,46,61,0,1
45,46,83,48,1
45,46,70,37,1
45,46,65,33,1
45,46,109,9,1
45,46,77,13,1
45,46,30,77,1
45,46,64,107,1
46,47,72,61,1
46,47,116,0,1
46,47,55,40,1
46,47,83,40,1
46,47,77,41,1
46,47,77,9,1
46,47,18,23,1
46,47,38,39,1
47,48,118,61,1
47,48,101,37,1
47,48,31,15,1
47,48,34,12,1
47,48,88,26,1
47,48,33,11,1
47,48,9,77,1
47,48,6,98,1
48,49,110,28,1
48,49,60,52,1
48,49,34,21,1
48,49,61,57,1
48,49,82,71,1
48,49,41,32,1
48,49,12,119,1
48,49,3,31,1
49,50,22,17,1
49,50,103,74,1
49,50,104,26,1
49,50,45,13,1
49,50,64,26,1
49,50,45,40,1
49,50,44,115,1
49,50,37,117,1
50,51,40,16,1
50,51,85,37,1
50,51,104,59,1
50,51,45,39,1
50,51,62,53,1
50,51,115,44,1
50,51,12,110,1
50,51,28,94,1
51,52,95,60,1
51,52,92,37,1
51,52,115,25,1
51,52,59,9,1
51,52,65,23,1
51,52,51,28,1
51,52,22,28,1
51,52,21,47,1
52,53,117,105,1
52,53,62,22,1
52,53,94,27,1
52,53,94,27,1
52,53,44,22,1
52,53,102,3,1
52,53,54,95,1
52,53,22,51,1
53,54,35,19,1
53,54,104,85,1
53,54,29,19,1
53,54,84,46,1
53,54,109,0,1
53,54,26,19,1
53,54,50,52,1
53,54,53,84,1
54,55,26,23,1
54,55,96,93,1
54,55,65,15,1
54,55,27,21,1
54,55,88,66,1
54,55,80,60,1
54,55,76,107,1
54,55,93,106,1
55,56,58,31,1
55,56,45,43,1
55,56,88,8,1
55,56,84,58,1
55,56,116,29,1
55,56,65,23,1
55,56,21,50,1
55,56,40,115,1
56,57,113,16,1
56,57,54,15,1
56,57,28,26,1
56,57,34,11,1
56,57,35,6,1
56,57,58,37,1
56,57,12,119,1
56,57,3,23,1
57,58,113,16,1
57,58,80,25,1
57,58,74,9,1
57,58,46,2,1
57,58,42,20,1
57,58,106,37,1
57,58,49,62,1
57,58,76,114,1
58,59,94,5,1
58,59,93,0,1
58,59,57,7,1
58,59,98,38,1
58,59,68,57,1
58,59,72,31,1
58,59,31,100,1
58,59,27,34,1
59,60,46,1,1
59,60,36,25,1
59,60,109,24,1
59,60,97,82,1
59,60,93,21,1
59,60,94,5,1
59,60,5,38,1
59,60,16,40,1
60,61,40,17,1
60,61,82,34,1
60,61,114,95,1
60,61,95,69,1
60,61,100,47,1
60,61,10,0,1
60,61,5,53,1
60,61,17,30,1
61,62,72,20,1
61,62,101,44,1
61,62,93,89,1
61,62,82,67,1
61,62,24,18,1
61,62,26,7,1
61,62,49,60,1
61,62,23,38,1
62,63,74,64,1
62,63,90,42,1
62,63,40,29,1
62,63,98,29,1
62,63,34,22,1
62,63,23,21,1
62,63,54,58,1
62,63,38,71,1
63,64,112,36,1
63,64,33,24,1
63,64,102,29,1
63,64,32,0,1
63,64,101,5,1
63,64,115,25,1
63,64,22,27,1
63,64,9,55,1
64,65,115,24,1
64,65,106,36,1
64,65,65,13,1
64,65,24,16,1
64,65,78,69,1
64,65,117,43,1
64,65,3,85,1
64,65,24,60,1
65,66,80,46,1
65,66,76,32,1
65,66,67,35,1
65,66,96,88,1
65,66,105,31,1
65,66,42,13,1
65,66,11,43,1
65,66,22,91,1
66,67,114,21,1
66,67,26,19,1
66,67,92,45,1
66,67,55,0,1
66,67,49,46,1
66,67,32,31,1
66,67,7,28,1
66,67,77,87,1
67,68,74,55,1
67,68,51,36,1
67,68,119,92,1
67,68,88,61,1
67,68,73,61,1
67,68,99,97,1
67,68,70,100,1
67,68,20,26,1
68,69,46,2,1
68,69,72,55,1
68,69,59,29,1
68,69,64,24,1
68,69,63,31,1
68,69,80,33,1
68,69,31,70,1
68,69,10,51,1
69,70,82,39,1
69,70,42,24,1
69,70,73,33,1
69,70,22,2,1
69,70,64,34,1
69,70,83,30,1
69,70,26,100,1
69,70,30,103,1
70,71,78,14,1
70,71,99,79,1
70,71,70,43,1
70,71,72,25,1
70,71,116,23,1
70,71,23,6,1
70,71,10,49,1
70,71,79,92,1
71,72,85,16,1
71,72,108,69,1
71,72,101,91,1
71,72,25,15,1
71,72,42,26,1
71,72,71,33,1
71,72,75,82,1
71,72,44,46,1
72,73,22,18,1
72,73,61,43,1
72,73,25,3,1
72,73,76,19,1
72,73,91,63,1
72,73,22,19,1
72,73,16,75,1
72,73,4,28,1
73,74,65,50,1
73,74,110,42,1
73,74,42,16,1
73,74,57,9,1
73,74,86,44,1
73,74,90,39,1
73,74,0,66,1
73,74,3,73,1
74,75,97,36,1
74,75,41,20,1
74,75,76,29,1
74,75,41,23,1
74,75,110,38,1
74,75,58,43,1
74,75,22,51,1
74,75,33,83,1
75,76,101,45,1
75,76,38,19,1
75,76,75,32,1
75,76,54,47,1
75,76,104,57,1
75,76,32,25,1
75,76,3,70,1
75,76,16,38,1
76,77,118,28,1
76,77,101,25,1
76,77,90,78,1
76,77,22,10,1
76,77,79,49,1
76,77,39,11,1
76,77,80,97,1
76,77,18,98,1
77,78,44,30,1
77,78,46,29,1
77,78,25,12,1
77,78,61,41,1
77,78,27,18,1
77,78,99,57,1
77,78,46,84,1
77,78,41,49,1
78,79,36,29,1
78,79,66,0,1
78,79,51,16,1
78,79,64,36,1
78,79,115,46,1
78,79,98,6,1
78,79,66,99,1
78,79,66,93,1
79,80,64,29,1
79,80,53,5,1
79,80,28,24,1
79,80,118,39,1
79,80,108,42,1
79,80,95,34,1
79,80,73,118,1
79,80,24,61,1
80,81,35,33,1
80,81,96,88,1
80,81,91,67,1
80,81,25,12,1
80,81,119,90,1
80,81,96,93,1
80,81,27,103,1
80,81,79,106,1
81,82,97,46,1
81,82,48,40,1
81,82,112,109,1
81,82,105,24,1
81,82,102,69,1
81,82,101,93,1
81,82,0,35,1
81,82,34,42,1
82,83,24,16,1
82,83,66,63,1
82,83,114,100,1
82,83,67,39,1
82,83,114,8,1
82,83,113,40,1
82,83,52,112,1
82,83,22,31,1
83,84,112,109,1
83,84,62,49,1
83,84,118,56,1
83,84,80,0,1
83,84,60,27,1
83,84,109,20,1
83,84,9,31,1
83,84,17,88,1
84,85,36,30,1
84,85,95,14,1
84,85,27,6,1
84,85,33,11,1
84,85,63,8,1
84,85,34,17,1
84,85,44,113,1
84,85,27,82,1
85,86,94,91,1
85,86,69,29,1
85,86,31,11,1
85,86,62,49,1
85,86,56,39,1
85,86,78,21,1
85,86,4,25,1
85,86,24,71,1
86,87,112,109,1
86,87,61,28,1
86,87,39,31,1
86,87,33,27,1
86,87,110,28,1
86,87,62,57,1
86,87,43,117,1
86,87,26,38,1
87,88,39,3,1
87,88,106,82,1
87,88,96,13,1
87,88,42,32,1
87,88,35,32,1
87,88,89,6,1
87,88,56,66,1
87,88,17,69,1
88,89,24,12,1
88,89,23,7,1
88,89,80,64,1
88,89,93,6,1
88,89,62,19,1
88,89,67,43,1
88,89,40,72,1
88,89,46,55,1
89,90,118,73,1
89,90,95,23,1
89,90,76,68,1
89,90,110,39,1
89,90,74,43,1
89,90,92,23,1
89,90,29,49,1
89,90,89,109,1
90,91,105,82,1
90,91,99,20,1
90,91,56,48,1
90,91,99,79,1
90,91,90,75,1
90,91,22,9,1
90,91,3,78,1
90,91,43,69,1
91,92,108,36,1
91,92,109,13,1
91,92,102,84,1
91,92,98,39,1
91,92,30,13,1
91,92,79,39,1
91,92,44,117,1
91,92,22,23,1
92,93,113,88,1
92,93,118,60,1
92,93,81,60,1
92,93,32,28,1
92,93,22,21,1
92,93,36,35,1
92,93,16,39,1
92,93,0,55,1
93,94,41,33,1
93,94,114,99,1
93,94,67,6,1
93,94,98,0,1
93,94,81,47,1
93,94,90,59,1
93,94,61,68,1
93,94,52,86,1
94,95,35,33,1
94,95,96,46,1
94,95,98,0,1
94,95,89,57,1
94,95,117,46,1
94,95,62,53,1
94,95,29,43,1
94,95,6,119,1
95,96,73,61,1
95,96,38,3,1
95,96,106,11,1
95,96,59,20,1
95,96,89,6,1
95,96,115,48,1
95,96,26,91,1
95,96,77,113,1
96,97,57,22,1
96,97,12,0,1
96,97,85,3,1
96,97,52,40,1
96,97,119,40,1
96,97,72,40,1
96,97,0,98,1
96,97,40,119,1
97,98,43,22,1
97,98,64,16,1
97,98,97,61,1
97,98,28,8,1
97,98,33,5,1
97,98,93,56,1
97,98,9,46,1
97,98,0,54,1
98,99,43,31,1
98,99,9,0,1
98,99,87,75,1
98,99,58,24,1
98,99,38,27,1
98,99,45,6,1
98,99,11,102,1
98,99,0,55,1
99,100,86,29,1
99,100,78,77,1
99,100,52,48,1
99,100,40,29,1
99,100,48,35,1
99,100,77,30,1
99,100,29,79,1
99,100,44,80,1
100,101,72,6,1
100,101,50,30,1
100,101,85,68,1
100,101,92,66,1
100,101,27,8,1
100,101,51,27,1
100,101,10,27,1
100,101,46,55,1
101,102,36,21,1
101,102,78,27,1
101,102,60,53,1
101,102,95,14,1
101,102,71,2,1
101,102,116,12,1
101,102,36,97,1
101,102,28,79,1
102,103,114,99,1
102,103,105,76,1
102,103,80,12,1
102,103,112,69,1
102,103,66,57,1
102,103,78,16,1
102,103,88,113,1
102,103,25,86,1
103,104,109,22,1
103,104,45,17,1
103,104,64,3,1
103,104,29,7,1
103,104,9,0,1
103,104,24,2,1
103,104,91,113,1
103,104,28,49,1
104,105,75,11,1
104,105,99,59,1
104,105,44,26,1
104,105,37,5,1
104,105,16,0,1
104,105,82,44,1
104,105,47,109,1
104,105,14,23,1
105,106,96,37,1
105,106,74,65,1
105,106,79,20,1
105,106,41,4,1
105,106,56,48,1
105,106,28,2,1
105,106,32,42,1
105,106,25,31,1
106,107,72,34,1
106,107,33,23,1
106,107,6,0,1
106,107,77,13,1
106,107,70,31,1
106,107,29,18,1
106,107,26,42,1
106,107,20,67,1
107,108,72,28,1
107,108,47,39,1
107,108,81,30,1
107,108,87,45,1
107,108,70,68,1
107,108,46,1,1
107,108,107,112,1
107,108,33,37,1
108,109,38,19,1
108,109,31,28,1
108,109,90,86,1
108,109,113,18,1
108,109,81,54,1
108,109,34,13,1
108,109,40,71,1
108,109,9,24,1
109,110,82,24,1
109,110,48,40,1
109,110,48,39,1
109,110,76,41,1
109,110,108,10,1
109,110,27,12,1
109,110,17,39,1
109,110,2,23,1
110,111,55,9,1
110,111,98,39,1
110,111,73,27,1
110,111,64,42,1
110,111,63,6,1
110,111,81,47,1
110,111,49,59,1
110,111,22,91,1
111,112,108,36,1
111,112,98,36,1
111,112,71,24,1
111,112,85,6,1
111,112,116,82,1
111,112,24,13,1
111,112,15,31,1
111,112,75,87,1
112,113,55,24,1
112,113,23,20,1
112,113,62,59,1
112,113,22,21,1
112,113,37,6,1
112,113,32,17,1
112,113,36,74,1
112,113,5,30,1
113,114,82,77,1
113,114,53,25,1
113,114,55,8,1
113,114,111,62,1
113,114,109,27,1
113,114,66,21,1
113,114,58,75,1
113,114,71,101,1
114,115,102,56,1
114,115,97,91,1
114,115,48,12,1
114,115,48,46,1
114,115,47,23,1
114,115,48,17,1
114,115,22,62,1
114,115,58,84,1
115,116,47,39,1
115,116,75,16,1
115,116,106,11,1
115,116,78,26,1
115,116,87,79,1
115,116,93,23,1
115,116,12,24,1
115,116,5,43,1
116,117,108,35,1
116,117,42,23,1
116,117,109,13,1
116,117,115,48,1
116,117,49,0,1
116,117,103,36,1
116,117,22,49,1
116,117,23,92,1
117,118,111,76,1
117,118,34,24,1
117,118,32,15,1
117,118,98,76,1
117,118,85,3,1
117,118,63,57,1
117,118,67,111,1
117,118,45,78,1
118,119,49,41,1
118,119,73,48,1
118,119,73,9,1
118,119,117,39,1
118,119,91,63,1
118,119,71,30,1
118,119,61,88,1
118,119,0,68,1
119,120,95,22,1
119,120,88,70,1
119,120,35,11,1
119,120,25,21,1
119,120,31,15,1
119,120,38,33,1
119,120,22,50,1
119,120,19,76,1
120,121,65,28,1
120,121,14,0,1
120,121,62,27,1
120,121,86,32,1
120,121,27,6,1
120,121,71,2,1
120,121,27,118,1
120,121,44,69,1
121,122,95,22,1
121,122,61,27,1
121,122,49,44,1
121,122,87,34,1
121,122,119,23,1
121,122,43,24,1
121,122,63,116,1
121,122,65,89,1
122,123,21,5,1
122,123,39,17,1
122,123,72,40,1
122,123,71,24,1
122,123,33,27,1
122,123,104,17,1
122,123,26,37,1
122,123,24,66,1
123,124,69,53,1
123,124,60,22,1
123,124,42,31,1
123,124,68,29,1
123,124,30,25,1
123,124,29,0,1
123,124,24,32,1
123,124,33,73,1
124,125,59,8,1
124,125,88,24,1
124,125,29,27,1
124,125,99,59,1
124,125,69,31,1
124,125,102,27,1
124,125,23,71,1
124,125,40,42,1
125,126,58,37,1
125,126,45,25,1
125,126,31,3,1
125,126,115,22,1
125,126,36,21,1
125,126,82,77,1
125,126,1,22,1
125,126,41,52,1
126,127,94,23,1
126,127,92,27,1
126,127,52,48,1
126,127,32,11,1
126,127,83,69,1
126,127,32,29,1
126,127,93,95,1
126,127,27,30,1
127,128,29,27,1
127,128,87,24,1
127,128,79,39,1
127,128,65,3,1
127,128,98,62,1
127,128,115,40,1
127,128,29,38,1
127,128,24,38,1
128,129,57,21,1
128,129,108,78,1
128,129,33,5,1
128,129,119,90,1
128,129,76,29,1
128,129,33,20,1
128,129,61,73,1
128,129,29,52,1
129,130,107,21,1
129,130,84,72,1
129,130,113,0,1
129,130,68,47,1
129,130,70,0,1
129,130,110,38,1
129,130,21,117,1
129,130,27,46,1
130,131,58,26,1
130,131,117,35,1
130,131,111,60,1
130,131,28,22,1
130,131,71,38,1
130,131,55,36,1
130,131,18,113,1
130,131,33,59,1
131,132,55,26,1
131,132,77,28,1
131,132,23,16,1
131,132,66,56,1
131,132,40,29,1
131,132,99,25,1
131,132,37,63,1
131,132,62,69,1
132,133,67,22,1
132,133,81,19,1
132,133,110,12,1
132,133,61,43,1
132,133,97,40,1
132,133,95,26,1
132,133,37,43,1
132,133,17,70,1
133,134,109,89,1
133,134,105,43,1
133,134,117,105,1
133,134,96,15,1
133,134,29,1,1
133,134,96,13,1
133,134,23,67,1
133,134,31,63,1
134,135,105,62,1
134,135,73,27,1
134,135,45,32,1
134,135,25,21,1
134,135,40,6,1
134,135,42,26,1
134,135,34,56,1
134,135,32,36,1
135,136,69,54,1
135,136,112,22,1
135,136,56,31,1
135,136,118,106,1
135,136,84,38,1
135,136,77,30,1
135,136,50,65,1
135,136,80,97,1
136,137,52,8,1
136,137,36,21,1
136,137,64,59,1
136,137,37,22,1
136,137,43,31,1
136,137,71,30,1
136,137,61,97,1
136,137,5,22,1
137,138,36,7,1
137,138,46,27,1
137,138,87,50,1
137,138,101,21,1
137,138,82,73,1
137,138,91,43,1
137,138,1,29,1
137,138,41,58,1
138,139,41,17,1
138,139,28,25,1
138,139,62,39,1
138,139,108,26,1
138,139,27,21,1
138,139,32,18,1
138,139,58,84,1
138,139,11,60,1
139,140,115,35,1
139,140,50,21,1
139,140,63,44,1
139,140,74,54,1
139,140,77,13,1
139,140,116,12,1
139,140,33,35,1
139,140,18,76,1
140,141,84,72,1
140,141,105,48,1
140,141,62,22,1
140,141,80,7,1
140,141,27,8,1
140,141,94,42,1
140,141,47,59,1
140,141,0,56,1
141,142,35,28,1
141,142,20,0,1
141,142,107,68,1
141,142,24,23,1
141,142,32,30,1
141,142,80,0,1
141,142,24,28,1
141,142,15,53,1
142,143,108,10,1
142,143,22,11,1
142,143,81,40,1
142,143,49,28,1
142,143,48,27,1
142,143,109,20,1
142,143,27,60,1
142,143,24,106,1
143,144,39,31,1
143,144,80,74,1
143,144,73,70,1
143,144,97,66,1
143,144,84,0,1
143,144,60,22,1
143,144,15,50,1
143,144,49,59,1
144,145,75,71,1
144,145,96,93,1
144,145,48,22,1
144,145,38,34,1
144,145,116,79,1
144,145,52,39,1
144,145,31,58,1
144,145,22,57,1
145,146,23,16,1
145,146,113,14,1
145,146,62,50,1
145,146,102,35,1
145,146,90,60,1
145,146,102,79,1
145,146,1,43,1
145,146,27,38,1
146,147,104,17,1
146,147,22,6,1
146,147,109,22,1
146,147,77,34,1
146,147,66,34,1
146,147,82,71,1
146,147,7,90,1
146,147,33,83,1
147,148,53,32,1
147,148,93,42,1
147,148,48,8,1
147,148,29,19,1
147,148,32,18,1
147,148,81,46,1
147,148,41,47,1
147,148,44,117,1
148,149,103,8,1
148,149,56,29,1
148,149,50,33,1
148,149,99,29,1
148,149,78,21,1
148,149,59,34,1
148,149,20,44,1
148,149,13,96,1
149,150,50,13,1
149,150,54,26,1
149,150,109,47,1
149,150,50,23,1
149,150,99,0,1
149,150,65,41,1
149,150,29,82,1
149,150,28,48,1
150,151,28,17,1
150,151,98,62,1
150,151,71,40,1
150,151,90,34,1
150,151,78,25,1
150,151,40,32,1
150,151,13,34,1
150,151,28,118,1
151,152,72,33,1
151,152,112,40,1
151,152,53,15,1
151,152,61,27,1
151,152,46,3,1
151,152,100,17,1
151,152,23,30,1
151,152,35,36,1
152,153,84,59,1
152,153,88,8,1
152,153,37,4,1
152,153,66,0,1
152,153,75,71,1
152,153,70,33,1
152,153,66,97,1
152,153,27,118,1
153,154,49,0,1
153,154,23,10,1
153,154,85,24,1
153,154,62,53,1
153,154,43,3,1
153,154,68,61,1
153,154,2,22,1
153,154,36,93,1
154,155,100,31,1
154,155,101,25,1
154,155,53,50,1
154,155,47,23,1
154,155,72,40,1
154,155,59,26,1
154,155,21,43,1
154,155,94,109,1
155,156,91,63,1
155,156,79,20,1
155,156,94,23,1
155,156,64,24,1
155,156,119,80,1
155,156,32,30,1
155,156,4,27,1
155,156,22,119,1
156,157,77,37,1
156,157,47,21,1
156,157,41,33,1
156,157,21,18,1
156,157,119,22,1
156,157,114,35,1
156,157,61,72,1
156,157,56,116,1
157,158,71,23,1
157,158,109,25,1
157,158,93,73,1
157,158,112,54,1
157,158,40,28,1
157,158,112,32,1
157,158,13,21,1
157,158,19,59,1
158,159,36,30,1
158,159,58,22,1
158,159,54,28,1
158,159,29,3,1
158,159,21,16,1
158,159,27,23,1
158,159,7,59,1
158,159,10,77,1
159,160,72,53,1
159,160,102,35,1
159,160,69,50,1
159,160,81,35,1
159,160,77,39,1
159,160,24,5,1
159,160,66,106,1
159,160,19,31,1
160,161,101,10,1
160,161,90,59,1
160,161,47,25,1
160,161,68,26,1
160,161,33,7,1
160,161,66,63,1
160,161,42,82,1
160,161,25,97,1
161,162,50,5,1
161,162,53,22,1
161,162,37,1,1
161,162,93,80,1
161,162,40,26,1
161,162,117,112,1
161,162,31,47,1
161,162,19,92,1
162,163,81,27,1
162,163,36,8,1
162,163,87,52,1
162,163,115,46,1
162,163,118,32,1
162,163,60,11,1
162,163,56,105,1
162,163,21,117,1
163,164,26,13,1
163,164,48,46,1
163,164,55,14,1
163,164,97,46,1
163,164,44,22,1
163,164,112,29,1
163,164,24,88,1
163,164,33,72,1
164,165,96,3,1
164,165,87,41,1
164,165,21,13,1
164,165,95,62,1
164,165,59,9,1
164,165,74,10,1
164,165,39,44,1
164,165,19,59,1
165,166,43,18,1
165,166,52,29,1
165,166,71,41,1
165,166,92,37,1
165,166,59,39,1
165,166,48,37,1
165,166,5,24,1
165,166,5,21,1
166,167,30,5,1
166,167,70,17,1
166,167,43,41,1
166,167,112,30,1
166,167,33,0,1
166,167,42,23,1
166,167,24,63,1
166,167,5,38,1
167,168,87,34,1
167,168,38,26,1
167,168,114,95,1
167,168,35,3,1
167,168,88,38,1
167,168,33,27,1
167,168,29,108,1
167,168,53,56,1
168,169,65,63,1
168,169,49,9,1
168,169,86,35,1
168,169,28,27,1
168,169,117,39,1
168,169,62,57,1
168,169,21,66,1
168,169,18,25,1
169,170,6,0,1
169,170,78,21,1
169,170,86,21,1
169,170,78,23,1
169,170,66,57,1
169,170,113,40,1
169,170,21,22,1
169,170,36,98,1
170,171,112,68,1
170,171,28,4,1
170,171,15,0,1
170,171,49,41,1
170,171,107,73,1
170,171,71,25,1
170,171,1,31,1
170,171,30,49,1
171,172,67,28,1
171,172,118,82,1
171,172,99,0,1
171,172,86,52,1
171,172,92,65,1
171,172,71,38,1
171,172,84,89,1
171,172,57,100,1
172,173,72,6,1
172,173,85,41,1
172,173,87,72,1
172,173,108,69,1
172,173,47,46,1
172,173,81,47,1
172,173,49,62,1
172,173,30,103,1
173,174,27,8,1
173,174,23,9,1
173,174,27,17,1
173,174,63,23,1
173,174,105,76,1
173,174,114,4,1
173,174,37,92,1
173,174,22,110,1
174,175,60,52,1
174,175,117,26,1
174,175,90,34,1
174,175,29,27,1
174,175,23,11,1
174,175,25,8,1
174,175,29,107,1
174,175,28,53,1
175,176,68,23,1
175,176,81,43,1
175,176,76,18,1
175,176,30,29,1
175,176,91,76,1
175,176,113,77,1
175,176,32,54,1
175,176,21,68,1
176,177,109,24,1
176,177,77,72,1
176,177,72,28,1
176,177,53,45,1
176,177,20,0,1
176,177,102,84,1
176,177,20,110,1
176,177,13,103,1
177,178,101,32,1
177,178,89,0,1
177,178,51,28,1
177,178,33,26,1
177,178,80,74,1
177,178,107,73,1
177,178,27,92,1
177,178,43,88,1
178,179,45,40,1
178,179,31,21,1
178,179,55,50,1
178,179,75,43,1
178,179,82,71,1
178,179,69,53,1
178,179,59,80,1
178,179,24,27,1
