0,114
1,55
2,51
3,80
4,39
5,66
6,60
7,39
8,50
9,59
10,20
11,56
12,41
13,75
14,51
15,68
16,74
17,36
18,45
19,52
20,84
21,110
22,115
23,74
24,99
25,98
26,98
27,68
28,111
29,83
30,75
31,83
32,86
33,108
34,69
35,65
36,71
37,60
38,60
39,65
40,82
41,61
42,78
43,71
44,72
45,61
46,58
47,62
48,57
49,76
50,57
51,48
52,52
53,60
54,54
55,53
56,55
57,68
58,50
59,44
60,58
61,47
62,42
63,61
64,54
65,43
66,46
67,31
68,51
69,46
70,63
71,37
72,43
73,69
74,53
75,59
76,54
77,44
78,51
79,44
80,46
81,51
82,40
83,42
84,41
85,42
86,61
87,52
88,20
89,36
90,35
91,48
92,44
93,33
94,35
95,37
96,36
97,38
98,24
99,36
100,24
101,32
102,47
103,43
104,37
105,32
106,38
107,37
108,47
109,42
110,44
111,30
112,46
113,41
114,27
115,57
116,32
117,29
118,34
119,24
120,37
121,31
122,30
123,34
124,31
125,29
126,32
127,36
128,32
129,30
130,47
131,37
132,23
133,37
134,39
135,34
136,25
137,27
138,42
139,33
140,39
141,28
142,35
143,28
144,31
145,26
146,39
147,29
148,24
149,28
150,25
151,31
152,33
153,26
154,25
155,29
156,53
157,26
158,28
159,32
160,34
161,22
162,24
163,30
164,15
165,31
166,21
167,24
168,21
169,34
170,28
171,18
172,21
173,34
174,28
175,37
176,17
177,30
178,30
179,17
180,18
181,21
182,40
183,21
184,24
185,24
186,30
187,35
188,33
189,27
190,25
191,23
192,32
193,31
194,27
195,24
196,28
197,14
198,35
199,25
200,29
201,23
202,22
203,21
204,20
205,31
206,18
207,19
208,25
209,25
210,30
211,33
212,25
213,24
214,13
215,23
216,25
217,20
218,18
219,14
220,25
221,20
222,22
223,25
224,17
225,27
226,27
227,11
228,21
229,16
230,31
231,20
232,25
233,27
234,14
235,26
236,22
237,27
238,21
239,17
240,27
241,26
242,15
243,22
244,16
245,26
246,9
247,14
248,23
249,14
250,29
251,26
252,11
253,23
254,25
255,25
256,15
257,26
258,30
259,15
260,24
261,25
262,20
263,28
264,28
265,17
266,26
267,28
268,28
269,26
270,31
271,14
272,24
273,22
274,25
275,25
276,24
277,20
278,24
279,28
280,11
281,19
282,22
283,19
284,24
285,23
286,27
287,25
288,25
289,11
290,15
291,23
292,18
293,22
294,11
295,22
296,29
297,15
298,18
299,21
300,21
301,23
302,32
303,28
304,27
305,17
306,31
307,24
308,17
309,11
310,20
311,24
312,22
313,10
314,22
315,22
316,21
317,17
318,14
319,22
320,15
321,28
322,19
323,20
324,16
325,19
326,20
327,16
328,21
329,19
330,19
331,16
332,21
333,21
334,15
335,18
336,20
337,18
338,19
339,11
340,14
341,18
342,13
343,26
344,19
345,18
346,15
347,15
348,18
349,17
350,20
351,22
352,22
353,15
354,18
355,17
356,13
357,21
358,21
359,13
360,19
361,23
362,19
363,11
364,15
365,16
366,25
367,20
368,22
369,28
370,16
371,18
372,17
373,16
374,17
375,24
376,12
377,19
378,13
379,6
380,25
381,16
382,15
383,7
384,13
385,9
386,20
387,31
388,14
389,20
390,14
391,24
392,17
393,20
394,19
395,13
396,14
397,16
398,28
399,21
400,16
401,19
402,18
403,16
404,22
405,15
406,17
407,19
408,18
409,17
410,17
411,15
412,16
413,21
414,23
415,17
416,16
417,22
418,12
419,21
420,14
421,17
422,16
423,14
424,20
425,13
426,14
427,20
428,13
429,19
430,21
431,16
432,12
433,17
434,15
435,19
436,14
437,24
438,13
439,16
440,19
441,17
442,23
443,10
444,18
445,12
446,19
447,19
448,18
449,22
450,21
451,18
452,12
453,21
454,23
455,16
456,8
457,18
458,13
459,13
460,18
461,21
462,18
463,24
464,12
465,16
466,8
467,20
468,22
469,9
470,23
471,13
472,15
473,12
474,13
475,8
476,10
477,17
478,22
479,18
480,17
481,20
482,15
483,14
484,13
485,17
486,15
487,15
488,13
489,18
490,18
491,13
492,20
493,14
494,15
495,16
496,12
497,18
498,19
499,18
500,15
501,15
502,12
503,16
504,15
505,10
506,8
507,19
508,12
509,23
510,20
511,13
512,13
513,18
514,16
515,21
516,17
517,16
518,17
519,15
520,27
521,13
522,14
523,11
524,10
525,16
526,16
527,13
528,15
529,13
530,16
531,13
532,14
533,18
534,11
535,12
536,20
537,16
538,14
539,10
540,11
541,8
542,18
543,18
544,21
545,19
546,16
547,10
548,19
549,23
550,17
551,15
552,7
553,14
554,15
555,10
556,12
557,10
558,14
559,13
560,16
561,18
562,17
563,14
564,10
565,11
566,24
567,19
568,6
569,6
570,13
571,17
572,16
573,17
574,13
575,11
576,8
577,15
578,20
579,14
580,15
581,19
582,9
583,12
584,15
585,14
586,10
587,12
588,15
589,14
590,10
591,7
592,6
593,13
594,11
595,9
596,12
597,9
598,10
599,9
600,14
601,13
602,13
603,15
604,11
605,20
606,13
607,17
608,13
609,15
610,13
611,15
612,16
613,16
614,11
615,16
616,14
617,12
618,8
619,12
620,15
621,14
622,17
623,14
624,11
625,15
626,10
627,16
628,13
629,17
630,15
631,15
632,11
633,10
634,19
635,14
636,14
637,17
638,11
639,9
640,12
641,8
642,12
643,14
644,9
645,12
646,12
647,13
648,6
649,13
650,11
651,10
652,15
653,13
654,20
655,14
656,16
657,15
658,13
659,13
660,10
661,15
662,15
663,21
664,16
665,12
666,20
667,8
668,14
669,11
670,12
671,19
672,14
673,16
674,13
675,20
676,15
677,10
678,13
679,12
680,10
681,13
682,12
683,7
684,13
685,20
686,15
687,8
688,12
689,14
690,10
691,15
692,13
693,10
694,16
695,16
696,11
697,17
698,13
699,14
700,13
701,13
702,8
703,9
704,7
705,17
706,9
707,14
708,8
709,13
710,12
711,15
712,12
713,13
714,19
715,11
716,13
717,13
718,17
719,13
720,13
721,13
722,11
723,12
724,14
725,16
726,14
727,5
728,10
729,10
730,11
731,9
732,12
733,18
734,12
735,11
736,8
737,18
738,14
739,14
740,9
741,11
742,13
743,9
744,10
745,8
746,12
747,11
748,9
749,10
750,17
751,12
752,7
753,12
754,9
755,16
756,14
757,13
758,9
759,14
760,12
761,5
762,11
763,9
764,14
765,7
766,18
767,14
768,15
769,15
770,10
771,10
772,10
773,14
774,9
775,17
776,12
777,11
778,8
779,8
780,9
781,9
782,12
783,13
784,11
785,12
786,9
787,21
788,14
789,6
790,15
791,10
792,8
793,12
794,11
795,11
796,13
797,15
798,11
799,16
800,8
801,16
802,14
803,10
804,10
805,13
806,14
807,15
808,16
809,13
810,11
811,12
812,11
813,14
814,17
815,13
816,7
817,12
818,11
819,13
820,9
821,7
822,11
823,5
824,18
825,8
826,12
827,14
828,15
829,10
830,13
831,10
832,8
833,11
834,11
835,12
836,12
837,14
838,19
839,10
840,12
841,13
842,13
843,12
844,15
845,15
846,17
847,17
848,4
849,16
850,17
851,10
852,13
853,9
854,9
855,11
856,13
857,10
858,15
859,18
860,11
861,13
862,11
863,11
864,13
865,15
866,11
867,9
868,13
869,9
870,8
871,11
872,9
873,11
874,12
875,18
876,8
877,9
878,10
879,14
880,10
881,11
882,19
883,11
884,8
885,11
886,14
887,13
888,12
889,12
890,6
891,9
892,15
893,14
894,11
895,10
896,8
897,8
898,10
899,14
900,11
901,10
902,11
903,12
904,9
905,7
906,18
907,13
908,13
909,14
910,11
911,10
912,9
913,12
914,14
915,8
916,11
917,12
918,9
919,11
920,12
921,11
922,11
923,10
924,15
925,14
926,13
927,14
928,8
929,10
930,7
931,12
932,6
933,12
934,11
935,13
936,8
937,15
938,12
939,14
940,10
941,12
942,11
943,9
944,9
945,9
946,9
947,15
948,11
949,8
950,17
951,9
952,10
953,13
954,8
955,11
956,10
957,11
958,15
959,14
960,15
961,9
962,8
963,12
964,13
965,11
966,16
967,12
968,8
969,15
970,15
971,13
972,13
973,12
974,9
975,11
976,6
977,17
978,10
979,16
980,16
981,13
982,14
983,7
984,13
985,11
986,17
987,12
988,8
989,9
990,16
991,13
992,10
993,13
994,6
995,7
996,14
997,10
998,12
999,10
1000,8
1001,9
1002,13
1003,9
1004,12
1005,12
1006,9
1007,10
1008,11
1009,8
1010,9
1011,11
1012,8
1013,12
1014,10
1015,4
1016,12
1017,8
1018,13
1019,14
1020,12
1021,9
1022,11
1023,8
1024,10
1025,9
1026,10
1027,10
1028,7
1029,8
1030,9
1031,8
1032,10
1033,9
1034,13
1035,7
1036,9
1037,9
1038,11
1039,11
