28,59,0,1
24,100,0,1
69,25,0,1
12,108,0,1
5,35,0,1
27,79,0,1
98,27,0,1
32,13,0,1
94,26,1,1
28,6,1,1
99,20,1,1
61,97,1,1
94,115,1,1
70,111,1,1
26,61,1,1
79,73,1,1
15,25,2,1
12,47,2,1
84,73,2,1
82,54,2,1
117,32,2,1
30,46,2,1
31,116,2,1
19,41,2,1
65,109,3,1
46,56,3,1
97,108,3,1
10,16,3,1
75,106,3,1
10,101,3,1
52,96,3,1
38,115,3,1
83,113,4,1
15,119,4,1
1,27,4,1
30,46,4,1
97,108,4,1
12,115,4,1
19,80,4,1
0,63,4,1
85,22,5,1
20,102,5,1
40,108,5,1
20,68,5,1
71,75,5,1
89,36,5,1
117,94,5,1
19,51,5,1
111,70,6,1
24,57,6,1
25,15,6,1
20,99,6,1
68,20,6,1
92,5,6,1
10,54,6,1
51,6,6,1
9,53,7,1
47,69,7,1
59,85,7,1
93,16,7,1
37,48,7,1
106,99,7,1
56,8,7,1
39,47,7,1
61,25,8,1
105,95,8,1
17,50,8,1
89,36,8,1
48,37,8,1
84,64,8,1
3,93,8,1
25,69,8,1
38,64,9,1
38,64,9,1
29,24,9,1
32,50,9,1
115,38,9,1
16,10,9,1
96,52,9,1
11,24,9,1
111,70,10,1
3,14,10,1
117,113,10,1
41,19,10,1
10,54,10,1
51,48,10,1
51,6,10,1
79,1,10,1
61,69,11,1
61,26,11,1
10,54,11,1
73,15,11,1
34,39,11,1
64,84,11,1
88,90,11,1
12,55,11,1
56,79,12,1
10,116,12,1
116,10,12,1
116,31,12,1
117,113,12,1
27,79,12,1
58,45,12,1
49,55,12,1
69,73,13,1
39,34,13,1
42,108,13,1
73,15,13,1
90,88,13,1
60,67,13,1
68,92,13,1
23,50,13,1
69,47,14,1
56,79,14,1
32,50,14,1
52,103,14,1
55,31,14,1
61,97,14,1
16,10,14,1
28,12,14,1
96,52,15,1
14,67,15,1
12,108,15,1
80,19,15,1
15,119,15,1
14,3,15,1
116,31,15,1
50,23,15,1
65,109,16,1
25,69,16,1
22,55,16,1
20,5,16,1
114,1,16,1
109,52,16,1
64,38,16,1
59,85,16,1
11,24,17,1
53,63,17,1
105,95,17,1
10,16,17,1
73,102,17,1
80,19,17,1
58,26,17,1
20,92,17,1
109,59,18,1
117,4,18,1
14,67,18,1
52,96,18,1
101,10,18,1
69,21,18,1
26,58,18,1
97,25,18,1
94,117,19,1
9,53,19,1
87,107,19,1
31,21,19,1
15,119,19,1
92,5,19,1
60,67,19,1
45,58,19,1
64,18,20,1
24,57,20,1
94,50,20,1
59,25,20,1
19,68,20,1
112,41,20,1
1,79,20,1
97,69,20,1
8,91,21,1
29,50,21,1
13,32,21,1
86,28,21,1
42,65,21,1
101,37,21,1
109,65,21,1
40,25,21,1
99,20,22,1
3,93,22,1
5,35,22,1
52,85,22,1
0,46,22,1
98,27,22,1
91,37,22,1
40,108,22,1
115,94,23,1
84,34,23,1
109,52,23,1
26,17,23,1
4,117,23,1
51,37,23,1
106,75,23,1
28,59,23,1
13,63,24,1
108,42,24,1
68,19,24,1
20,14,24,1
26,94,24,1
101,72,24,1
22,79,24,1
59,85,24,1
35,2,25,1
19,41,25,1
61,97,25,1
31,55,25,1
50,94,25,1
116,10,25,1
79,73,25,1
0,110,25,1
61,69,26,1
31,116,26,1
24,36,26,1
65,11,26,1
93,43,26,1
49,22,26,1
5,20,26,1
102,20,26,1
75,71,27,1
45,58,27,1
52,109,27,1
58,26,27,1
83,107,27,1
73,72,27,1
69,73,27,1
11,32,27,1
108,69,28,1
67,14,28,1
31,116,28,1
41,38,28,1
113,117,28,1
57,24,28,1
27,79,28,1
1,79,28,1
64,40,29,1
72,97,29,1
51,19,29,1
64,40,29,1
25,97,29,1
25,15,29,1
54,10,29,1
51,37,29,1
29,24,30,1
42,51,30,1
59,26,30,1
41,112,30,1
20,92,30,1
12,47,30,1
22,27,30,1
71,93,30,1
97,87,31,1
90,88,31,1
12,47,31,1
37,101,31,1
0,63,31,1
99,106,31,1
70,111,31,1
0,110,31,1
69,73,32,1
5,92,32,1
25,92,32,1
108,12,32,1
26,61,32,1
63,74,32,1
51,48,32,1
61,97,32,1
49,73,33,1
93,43,33,1
3,14,33,1
93,16,33,1
17,50,33,1
71,75,33,1
25,41,33,1
81,48,33,1
14,67,34,1
20,68,34,1
73,69,34,1
22,79,34,1
48,81,34,1
1,27,34,1
29,42,34,1
93,43,34,1
75,71,35,1
97,108,35,1
97,108,35,1
49,22,35,1
60,67,35,1
43,93,35,1
25,59,35,1
20,14,35,1
37,51,36,1
65,11,36,1
73,49,36,1
55,49,36,1
94,115,36,1
20,5,36,1
58,37,36,1
41,38,36,1
106,75,37,1
43,93,37,1
20,99,37,1
14,3,37,1
83,90,37,1
42,12,37,1
20,92,37,1
97,25,37,1
109,59,38,1
13,32,38,1
49,22,38,1
50,23,38,1
65,11,38,1
40,25,38,1
27,22,38,1
114,1,38,1
10,101,39,1
90,98,39,1
10,16,39,1
4,117,39,1
34,84,39,1
18,57,39,1
22,114,39,1
42,47,39,1
18,23,40,1
40,25,40,1
113,53,40,1
79,1,40,1
60,69,40,1
119,92,40,1
50,17,40,1
58,45,40,1
47,12,41,1
27,98,41,1
51,72,41,1
26,61,41,1
38,96,41,1
35,2,41,1
69,47,41,1
80,19,41,1
45,58,42,1
50,32,42,1
117,94,42,1
59,28,42,1
4,117,42,1
99,20,42,1
9,53,42,1
68,19,42,1
14,20,43,1
32,50,43,1
84,73,43,1
84,73,43,1
69,47,43,1
59,26,43,1
99,14,43,1
57,24,43,1
101,37,44,1
99,75,44,1
22,31,44,1
70,111,44,1
20,68,44,1
59,109,44,1
58,26,44,1
68,19,44,1
53,9,45,1
47,69,45,1
41,112,45,1
115,94,45,1
55,31,45,1
12,115,45,1
17,50,45,1
91,37,45,1
94,50,46,1
12,41,46,1
10,54,46,1
86,57,46,1
53,63,46,1
5,20,46,1
36,24,46,1
99,20,46,1
52,103,47,1
19,41,47,1
73,102,47,1
22,79,47,1
56,79,47,1
119,15,47,1
67,3,47,1
42,12,47,1
87,107,48,1
10,116,48,1
47,12,48,1
23,50,48,1
109,6,48,1
17,50,48,1
109,59,48,1
109,65,48,1
73,79,49,1
69,60,49,1
117,113,49,1
12,47,49,1
27,22,49,1
63,13,49,1
52,103,49,1
76,110,49,1
8,91,50,1
25,69,50,1
89,36,50,1
16,114,50,1
22,49,50,1
12,28,50,1
79,73,50,1
117,94,50,1
68,92,51,1
117,4,51,1
24,11,51,1
11,32,51,1
24,36,51,1
56,79,51,1
58,26,51,1
55,22,51,1
54,10,52,1
40,108,52,1
8,56,52,1
49,22,52,1
28,12,52,1
47,39,52,1
74,46,52,1
102,20,52,1
100,24,53,1
83,90,53,1
92,5,53,1
17,26,53,1
86,28,53,1
75,106,53,1
21,69,53,1
113,53,53,1
53,9,54,1
31,21,54,1
52,96,54,1
83,113,54,1
92,5,54,1
90,88,54,1
116,31,54,1
114,22,54,1
79,22,55,1
73,69,55,1
90,88,55,1
14,75,55,1
54,10,55,1
61,59,55,1
75,99,55,1
31,55,55,1
46,74,56,1
55,31,56,1
28,86,56,1
38,54,56,1
59,61,56,1
83,90,56,1
92,5,56,1
68,20,56,1
37,58,57,1
58,45,57,1
55,98,57,1
96,38,57,1
14,99,57,1
79,1,57,1
10,16,57,1
63,53,57,1
70,111,58,1
79,22,58,1
113,117,58,1
38,96,58,1
42,47,58,1
63,13,58,1
48,51,58,1
96,52,58,1
70,111,59,1
30,46,59,1
82,54,59,1
65,11,59,1
93,43,59,1
74,63,59,1
101,72,59,1
8,91,59,1
14,99,60,1
101,72,60,1
102,73,60,1
27,98,60,1
108,69,60,1
14,3,60,1
79,56,60,1
57,86,60,1
56,8,61,1
29,42,61,1
14,20,61,1
58,45,61,1
76,63,61,1
110,0,61,1
32,11,61,1
97,108,61,1
54,82,62,1
69,108,62,1
92,20,62,1
97,87,62,1
20,14,62,1
92,20,62,1
55,49,62,1
5,92,62,1
119,92,63,1
72,73,63,1
98,116,63,1
76,110,63,1
26,59,63,1
47,12,63,1
102,20,63,1
103,52,63,1
32,11,64,1
69,21,64,1
119,15,64,1
117,113,64,1
41,12,64,1
74,63,64,1
11,4,64,1
14,75,64,1
42,29,65,1
86,28,65,1
51,6,65,1
106,75,65,1
68,19,65,1
116,98,65,1
34,84,65,1
92,20,65,1
87,97,66,1
25,92,66,1
97,108,66,1
38,64,66,1
5,35,66,1
28,6,66,1
37,101,66,1
103,52,66,1
4,117,67,1
20,99,67,1
65,109,67,1
116,98,67,1
48,51,67,1
67,14,67,1
79,1,67,1
86,28,67,1
40,41,68,1
65,42,68,1
109,52,68,1
56,79,68,1
22,49,68,1
10,49,68,1
27,79,68,1
69,93,68,1
39,34,69,1
48,68,69,1
19,41,69,1
15,25,69,1
68,20,69,1
38,64,69,1
112,41,69,1
26,94,69,1
28,12,70,1
97,87,70,1
20,92,70,1
25,69,70,1
116,31,70,1
113,53,70,1
109,65,70,1
19,51,70,1
97,72,71,1
52,103,71,1
119,15,71,1
117,113,71,1
67,60,71,1
65,42,71,1
6,109,71,1
50,17,71,1
21,31,72,1
15,25,72,1
108,40,72,1
72,97,72,1
28,59,72,1
13,32,72,1
69,21,72,1
21,69,72,1
25,15,73,1
23,18,73,1
84,73,73,1
73,102,73,1
15,119,73,1
8,91,73,1
86,57,73,1
0,63,73,1
83,90,74,1
47,18,74,1
12,108,74,1
22,31,74,1
38,96,74,1
101,10,74,1
57,86,74,1
92,25,74,1
69,97,75,1
12,108,75,1
22,114,75,1
52,109,75,1
64,84,75,1
32,117,75,1
61,69,75,1
46,0,75,1
4,11,76,1
52,96,76,1
73,15,76,1
47,115,76,1
115,38,76,1
105,95,76,1
18,57,76,1
12,42,76,1
106,75,77,1
36,24,77,1
75,99,77,1
47,42,77,1
42,108,77,1
5,92,77,1
12,73,77,1
117,94,77,1
12,28,78,1
46,56,78,1
6,109,78,1
93,71,78,1
48,37,78,1
67,14,78,1
32,11,78,1
35,5,78,1
98,55,79,1
96,38,79,1
25,69,79,1
11,32,79,1
30,46,79,1
61,25,79,1
91,37,79,1
3,14,79,1
46,0,80,1
1,27,80,1
25,15,80,1
69,25,80,1
101,10,80,1
4,11,80,1
10,54,80,1
98,27,80,1
101,54,81,1
12,108,81,1
26,61,81,1
8,91,81,1
85,52,81,1
5,20,81,1
97,108,81,1
6,109,81,1
47,69,82,1
72,101,82,1
65,42,82,1
91,37,82,1
115,47,82,1
101,6,82,1
117,94,82,1
56,8,82,1
71,93,83,1
74,46,83,1
114,1,83,1
47,69,83,1
69,97,83,1
82,54,83,1
22,79,83,1
52,96,83,1
92,119,84,1
31,22,84,1
119,92,84,1
103,47,84,1
71,93,84,1
59,85,84,1
38,54,84,1
70,111,84,1
50,17,85,1
32,117,85,1
86,57,85,1
98,27,85,1
10,16,85,1
25,97,85,1
11,103,85,1
51,37,85,1
84,64,86,1
106,75,86,1
13,32,86,1
54,101,86,1
114,22,86,1
28,59,86,1
112,41,86,1
20,99,86,1
72,51,87,1
40,25,87,1
22,27,87,1
98,116,87,1
12,41,87,1
15,119,87,1
3,93,87,1
25,15,87,1
72,101,88,1
94,26,88,1
84,64,88,1
12,41,88,1
110,0,88,1
79,56,88,1
119,92,88,1
108,40,88,1
84,73,89,1
86,57,89,1
83,105,89,1
76,110,89,1
54,10,89,1
51,72,89,1
64,84,89,1
114,1,89,1
11,65,90,1
69,73,90,1
20,14,90,1
108,12,90,1
34,39,90,1
21,31,90,1
103,11,90,1
67,14,90,1
98,55,91,1
72,51,91,1
97,108,91,1
41,40,91,1
42,65,91,1
37,51,91,1
52,37,91,1
41,112,91,1
54,82,92,1
54,38,92,1
117,4,92,1
84,34,92,1
108,69,92,1
58,26,92,1
48,68,92,1
107,87,92,1
68,20,93,1
96,52,93,1
69,47,93,1
93,106,93,1
38,64,93,1
31,116,93,1
19,80,93,1
65,11,93,1
41,112,94,1
75,14,94,1
72,51,94,1
117,4,94,1
99,106,94,1
18,64,94,1
40,25,94,1
3,67,94,1
73,49,95,1
103,52,95,1
64,18,95,1
57,86,95,1
115,47,95,1
65,11,95,1
73,102,95,1
69,61,95,1
18,57,96,1
69,60,96,1
19,80,96,1
47,18,96,1
51,72,96,1
101,54,96,1
69,97,96,1
54,101,96,1
15,73,97,1
98,116,97,1
99,75,97,1
105,95,97,1
90,98,97,1
11,103,97,1
12,28,97,1
5,92,97,1
21,69,98,1
27,79,98,1
115,47,98,1
52,96,98,1
103,52,98,1
61,26,98,1
12,28,98,1
61,25,98,1
29,42,99,1
69,93,99,1
10,116,99,1
50,94,99,1
108,12,99,1
57,86,99,1
86,57,99,1
59,85,99,1
90,98,100,1
20,68,100,1
22,55,100,1
24,11,100,1
15,119,100,1
74,46,100,1
0,63,100,1
100,24,100,1
108,69,101,1
64,18,101,1
65,42,101,1
36,24,101,1
0,110,101,1
35,2,101,1
16,114,101,1
108,69,101,1
24,11,102,1
73,15,102,1
106,99,102,1
80,19,102,1
6,109,102,1
47,42,102,1
58,26,102,1
12,41,102,1
80,19,103,1
94,26,103,1
83,105,103,1
68,92,103,1
0,110,103,1
90,88,103,1
117,113,103,1
100,24,103,1
12,115,104,1
32,11,104,1
119,15,104,1
94,50,104,1
53,63,104,1
73,49,104,1
90,98,104,1
0,110,104,1
3,93,105,1
41,40,105,1
22,79,105,1
70,111,105,1
12,41,105,1
31,55,105,1
1,114,105,1
109,65,105,1
27,1,106,1
75,71,106,1
54,38,106,1
106,93,106,1
69,73,106,1
60,69,106,1
73,69,106,1
72,97,106,1
72,97,107,1
32,117,107,1
108,97,107,1
37,51,107,1
16,114,107,1
55,31,107,1
85,22,107,1
31,22,107,1
22,79,108,1
46,30,108,1
49,73,108,1
11,103,108,1
93,3,108,1
52,37,108,1
110,76,108,1
20,102,108,1
101,37,109,1
65,109,109,1
67,60,109,1
63,74,109,1
110,0,109,1
99,14,109,1
38,54,109,1
100,24,109,1
20,14,110,1
119,15,110,1
31,21,110,1
93,106,110,1
41,112,110,1
63,74,110,1
41,25,110,1
23,18,110,1
93,71,111,1
63,13,111,1
38,54,111,1
97,69,111,1
20,80,111,1
47,39,111,1
79,73,111,1
83,90,111,1
92,68,112,1
38,96,112,1
71,93,112,1
100,24,112,1
117,94,112,1
25,41,112,1
60,69,112,1
57,86,112,1
105,83,113,1
37,51,113,1
51,48,113,1
20,68,113,1
93,69,113,1
112,41,113,1
19,51,113,1
116,10,113,1
65,42,114,1
101,54,114,1
64,84,114,1
67,3,114,1
55,31,114,1
10,101,114,1
27,1,114,1
42,51,114,1
11,4,115,1
73,49,115,1
75,14,115,1
38,54,115,1
97,69,115,1
110,0,115,1
20,68,115,1
4,117,115,1
13,63,116,1
47,115,116,1
91,8,116,1
11,4,116,1
3,93,116,1
90,83,116,1
29,50,116,1
27,79,116,1
68,19,117,1
58,45,117,1
98,116,117,1
20,5,117,1
92,119,117,1
10,101,117,1
99,20,117,1
106,99,117,1
26,61,118,1
38,64,118,1
69,60,118,1
64,40,118,1
47,103,118,1
63,74,118,1
67,14,118,1
97,108,118,1
74,46,119,1
12,115,119,1
48,81,119,1
10,116,119,1
46,0,119,1
47,115,119,1
47,42,119,1
65,109,119,1
58,26,120,1
31,22,120,1
22,55,120,1
79,56,120,1
110,76,120,1
24,29,120,1
52,109,120,1
59,109,120,1
5,35,121,1
11,103,121,1
20,14,121,1
56,79,121,1
37,101,121,1
55,12,121,1
26,61,121,1
73,84,121,1
38,41,122,1
64,40,122,1
10,116,122,1
93,43,122,1
11,65,122,1
65,109,122,1
69,97,122,1
93,71,122,1
37,51,123,1
108,69,123,1
102,20,123,1
19,41,123,1
51,72,123,1
103,11,123,1
97,72,123,1
29,24,123,1
51,42,124,1
92,25,124,1
10,16,124,1
72,101,124,1
117,94,124,1
58,45,124,1
47,18,124,1
73,79,124,1
93,43,125,1
50,32,125,1
27,1,125,1
29,50,125,1
63,0,125,1
48,37,125,1
103,11,125,1
91,8,125,1
0,110,126,1
11,103,126,1
60,67,126,1
101,10,126,1
20,80,126,1
24,57,126,1
5,20,126,1
14,75,126,1
41,25,127,1
58,26,127,1
60,69,127,1
51,19,127,1
92,119,127,1
93,3,127,1
101,37,127,1
117,113,127,1
15,73,128,1
53,113,128,1
94,115,128,1
64,40,128,1
69,97,128,1
4,11,128,1
57,24,128,1
117,4,128,1
61,25,129,1
60,67,129,1
39,34,129,1
71,93,129,1
47,18,129,1
37,52,129,1
37,52,129,1
12,47,129,1
6,101,130,1
28,6,130,1
48,37,130,1
8,91,130,1
32,117,130,1
25,69,130,1
69,73,130,1
79,27,130,1
68,48,131,1
85,52,131,1
26,94,131,1
95,105,131,1
59,61,131,1
43,93,131,1
6,28,131,1
42,29,131,1
61,25,132,1
97,25,132,1
90,88,132,1
93,16,132,1
36,24,132,1
80,20,132,1
96,38,132,1
103,52,132,1
46,56,133,1
114,22,133,1
20,14,133,1
64,84,133,1
69,25,133,1
80,20,133,1
11,24,133,1
94,50,133,1
57,86,134,1
99,20,134,1
30,46,134,1
3,14,134,1
55,31,134,1
11,65,134,1
26,17,134,1
114,1,134,1
3,14,135,1
116,98,135,1
114,16,135,1
102,73,135,1
84,73,135,1
114,22,135,1
108,40,135,1
47,39,135,1
52,109,136,1
20,68,136,1
73,102,136,1
17,50,136,1
82,54,136,1
54,10,136,1
75,71,136,1
6,28,136,1
69,47,137,1
25,40,137,1
79,1,137,1
5,20,137,1
32,117,137,1
97,69,137,1
16,10,137,1
32,50,137,1
24,100,138,1
37,51,138,1
22,55,138,1
47,42,138,1
11,103,138,1
115,38,138,1
34,84,138,1
95,105,138,1
63,76,139,1
51,37,139,1
59,61,139,1
113,117,139,1
20,99,139,1
85,22,139,1
57,86,139,1
0,63,139,1
93,16,140,1
61,97,140,1
20,73,140,1
27,22,140,1
68,19,140,1
10,16,140,1
65,42,140,1
70,111,140,1
49,10,141,1
24,57,141,1
32,50,141,1
6,51,141,1
56,8,141,1
22,31,141,1
21,31,141,1
108,42,141,1
69,21,142,1
76,63,142,1
43,93,142,1
12,42,142,1
59,61,142,1
75,14,142,1
14,99,142,1
37,51,142,1
17,26,143,1
61,69,143,1
10,49,143,1
14,75,143,1
110,0,143,1
46,56,143,1
52,37,143,1
60,67,143,1
24,100,144,1
108,42,144,1
18,57,144,1
117,4,144,1
101,54,144,1
29,42,144,1
84,34,144,1
58,45,144,1
94,26,145,1
28,12,145,1
51,19,145,1
117,4,145,1
31,21,145,1
20,68,145,1
87,97,145,1
106,99,145,1
58,37,146,1
83,105,146,1
16,93,146,1
79,27,146,1
94,26,146,1
106,75,146,1
10,54,146,1
58,37,146,1
68,20,147,1
36,24,147,1
65,109,147,1
59,61,147,1
42,108,147,1
25,40,147,1
42,65,147,1
47,39,147,1
38,96,148,1
72,51,148,1
61,97,148,1
98,27,148,1
114,16,148,1
11,65,148,1
5,92,148,1
85,52,148,1
35,2,149,1
116,31,149,1
25,97,149,1
108,40,149,1
24,11,149,1
90,98,149,1
45,58,149,1
97,108,149,1
12,55,150,1
34,39,150,1
57,86,150,1
68,92,150,1
57,18,150,1
47,18,150,1
97,72,150,1
19,80,150,1
17,50,151,1
69,60,151,1
20,14,151,1
59,85,151,1
10,101,151,1
47,115,151,1
21,31,151,1
11,24,151,1
47,18,152,1
94,117,152,1
20,80,152,1
38,41,152,1
14,75,152,1
51,19,152,1
47,12,152,1
1,27,152,1
101,54,153,1
69,25,153,1
52,103,153,1
10,101,153,1
67,60,153,1
27,98,153,1
12,55,153,1
80,19,153,1
19,41,154,1
94,117,154,1
20,14,154,1
92,119,154,1
93,16,154,1
37,52,154,1
55,49,154,1
69,97,154,1
61,59,155,1
31,116,155,1
57,24,155,1
20,99,155,1
40,41,155,1
51,42,155,1
8,91,155,1
49,55,155,1
19,51,156,1
72,101,156,1
63,53,156,1
65,42,156,1
73,12,156,1
83,105,156,1
55,22,156,1
49,10,156,1
92,25,157,1
119,92,157,1
10,49,157,1
64,38,157,1
108,40,157,1
91,37,157,1
97,72,157,1
105,83,157,1
12,115,158,1
23,18,158,1
20,68,158,1
109,59,158,1
60,67,158,1
28,6,158,1
114,16,158,1
105,83,158,1
18,23,159,1
73,69,159,1
51,48,159,1
46,56,159,1
63,74,159,1
59,109,159,1
48,37,159,1
98,90,159,1
108,40,160,1
82,54,160,1
42,65,160,1
59,61,160,1
101,54,160,1
42,108,160,1
74,63,160,1
12,73,160,1
59,61,161,1
67,60,161,1
51,72,161,1
48,51,161,1
116,31,161,1
54,101,161,1
59,28,161,1
92,20,161,1
114,16,162,1
79,73,162,1
93,43,162,1
117,4,162,1
101,72,162,1
79,27,162,1
95,105,162,1
25,92,162,1
49,55,163,1
16,10,163,1
109,59,163,1
52,96,163,1
17,50,163,1
102,20,163,1
113,117,163,1
69,73,163,1
12,41,164,1
29,24,164,1
79,1,164,1
25,69,164,1
93,16,164,1
60,69,164,1
113,117,164,1
26,17,164,1
1,79,165,1
28,6,165,1
59,25,165,1
11,65,165,1
31,55,165,1
60,69,165,1
19,51,165,1
10,16,165,1
83,113,166,1
40,64,166,1
20,99,166,1
69,93,166,1
53,9,166,1
92,119,166,1
70,111,166,1
37,51,166,1
93,71,167,1
32,13,167,1
28,59,167,1
91,37,167,1
12,47,167,1
22,49,167,1
48,81,167,1
101,6,167,1
22,49,168,1
29,24,168,1
98,90,168,1
28,86,168,1
54,38,168,1
75,71,168,1
11,4,168,1
79,1,168,1
101,10,169,1
51,6,169,1
67,3,169,1
4,117,169,1
15,25,169,1
37,91,169,1
85,22,169,1
25,69,169,1
46,0,170,1
50,32,170,1
54,38,170,1
28,86,170,1
28,6,170,1
69,97,170,1
96,38,170,1
93,71,170,1
32,50,171,1
47,69,171,1
10,116,171,1
19,41,171,1
29,50,171,1
37,101,171,1
6,51,171,1
108,40,171,1
14,3,172,1
59,109,172,1
69,25,172,1
21,69,172,1
93,71,172,1
93,3,172,1
96,38,172,1
117,32,172,1
68,19,173,1
17,26,173,1
69,61,173,1
46,74,173,1
64,38,173,1
29,50,173,1
93,71,173,1
34,39,173,1
14,75,174,1
108,40,174,1
94,117,174,1
49,22,174,1
114,22,174,1
5,35,174,1
52,109,174,1
110,76,174,1
26,58,175,1
75,106,175,1
51,72,175,1
117,113,175,1
116,10,175,1
41,19,175,1
37,91,175,1
42,47,175,1
75,14,176,1
10,16,176,1
110,0,176,1
64,18,176,1
67,14,176,1
12,55,176,1
96,38,176,1
106,99,176,1
41,112,177,1
18,64,177,1
97,25,177,1
18,57,177,1
79,1,177,1
40,41,177,1
55,31,177,1
12,115,177,1
19,41,178,1
50,17,178,1
5,92,178,1
73,79,178,1
109,65,178,1
54,82,178,1
14,75,178,1
90,98,178,1
28,59,179,1
51,37,179,1
58,26,179,1
73,84,179,1
24,100,179,1
25,15,179,1
11,24,179,1
48,81,179,1
