0,120
1,37
2,39
3,53
4,48
5,71
6,55
7,56
8,44
9,23
10,90
11,50
12,31
13,40
14,10
15,66
16,71
17,81
18,54
19,46
20,49
21,107
22,95
23,89
24,83
25,86
26,112
27,103
28,105
29,102
30,85
31,114
32,48
33,70
34,89
35,86
36,85
37,60
38,75
39,70
40,78
41,62
42,77
43,63
44,85
45,76
46,62
47,56
48,58
49,53
50,54
51,69
52,35
53,74
54,38
55,57
56,55
57,64
58,64
59,50
60,63
61,45
62,45
63,48
64,65
65,54
66,63
67,37
68,56
69,52
70,35
71,50
72,56
73,23
74,39
75,64
76,24
77,49
78,26
79,44
80,54
81,39
82,34
83,53
84,44
85,50
86,43
87,31
88,40
89,37
90,47
91,44
92,39
93,41
94,38
95,29
96,27
97,37
98,37
99,32
100,49
101,35
102,34
103,45
104,41
105,41
106,48
107,45
108,41
109,20
110,27
111,38
112,42
113,18
114,19
115,34
116,44
117,32
118,43
119,34
120,17
121,30
122,31
123,42
124,31
125,27
126,27
127,31
128,35
129,29
130,35
131,22
132,34
133,30
134,44
135,34
136,37
137,28
138,31
139,28
140,35
141,22
142,26
143,18
144,41
145,26
146,30
147,42
148,28
149,30
150,32
151,22
152,28
153,34
154,20
155,35
156,26
157,18
158,19
159,34
160,34
161,14
162,19
163,27
164,25
165,41
166,20
167,31
168,24
169,25
170,39
171,32
172,23
173,33
174,22
175,36
176,18
177,31
178,24
179,35
180,34
181,26
182,30
183,26
184,26
185,24
186,29
187,19
188,24
189,29
190,21
191,26
192,33
193,19
194,32
195,29
196,32
197,26
198,28
199,28
200,24
201,32
202,24
203,20
204,20
205,20
206,23
207,26
208,27
209,29
210,35
211,37
212,18
213,39
214,30
215,21
216,17
217,23
218,21
219,17
220,21
221,20
222,14
223,26
224,26
225,25
226,21
227,27
228,29
229,19
230,23
231,24
232,28
233,22
234,21
235,23
236,28
237,31
238,22
239,22
240,32
241,17
242,24
243,28
244,25
245,19
246,21
247,28
248,24
249,18
250,20
251,22
252,25
253,23
254,17
255,17
256,25
257,25
258,29
259,17
260,19
261,21
262,16
263,29
264,14
265,14
266,19
267,24
268,22
269,29
270,16
271,17
272,24
273,28
274,21
275,16
276,19
277,23
278,23
279,11
280,19
281,27
282,21
283,22
284,20
285,17
286,19
287,20
288,27
289,22
290,19
291,26
292,27
293,25
294,18
295,18
296,19
297,21
298,20
299,28
300,20
301,16
302,18
303,22
304,23
305,21
306,13
307,23
308,21
309,13
310,18
311,18
312,14
313,22
314,25
315,21
316,29
317,22
318,20
319,19
320,22
321,21
322,30
323,22
324,15
325,17
326,20
327,15
328,16
329,25
330,16
331,21
332,22
333,21
334,17
335,20
336,20
337,17
338,15
339,19
340,17
341,23
342,20
343,18
344,20
345,20
346,14
347,25
348,15
349,16
350,26
351,9
352,14
353,13
354,14
355,20
356,21
357,20
358,25
359,11
360,14
361,14
362,15
363,18
364,19
365,22
366,24
367,14
368,16
369,15
370,16
371,17
372,16
373,14
374,17
375,21
376,15
377,22
378,8
379,17
380,20
381,15
382,22
383,16
384,17
385,26
386,16
387,26
388,18
389,18
390,20
391,21
392,18
393,20
394,15
395,15
396,18
397,17
398,10
399,18
400,13
401,23
402,8
403,18
404,18
405,15
406,12
407,11
408,16
409,21
410,17
411,23
412,13
413,17
414,28
415,17
416,16
417,14
418,12
419,12
420,18
421,26
422,13
423,15
424,13
425,20
426,14
427,21
428,19
429,18
430,16
431,16
432,22
433,14
434,13
435,15
436,19
437,16
438,16
439,14
440,9
441,20
442,16
443,14
444,14
445,19
446,16
447,7
448,15
449,19
450,18
451,16
452,16
453,22
454,11
455,17
456,21
457,19
458,12
459,14
460,18
461,23
462,14
463,20
464,16
465,10
466,14
467,25
468,23
469,18
470,15
471,13
472,11
473,19
474,12
475,19
476,14
477,14
478,18
479,11
480,16
481,19
482,16
483,14
484,17
485,15
486,21
487,11
488,13
489,18
490,13
491,22
492,16
493,17
494,15
495,12
496,15
497,23
498,19
499,18
500,10
501,13
502,20
503,8
504,20
505,10
506,11
507,12
508,16
509,15
510,16
511,15
512,8
513,12
514,21
515,17
516,12
517,15
518,17
519,14
520,14
521,16
522,16
523,13
524,22
525,14
526,16
527,11
528,18
529,17
530,20
531,16
532,16
533,11
534,15
535,16
536,11
537,16
538,12
539,13
540,16
541,17
542,15
543,10
544,14
545,12
546,18
547,12
548,16
549,15
550,25
551,15
552,13
553,12
554,19
555,12
556,13
557,17
558,17
559,16
560,10
561,10
562,18
563,10
564,19
565,12
566,20
567,10
568,17
569,19
570,10
571,8
572,15
573,15
574,13
575,12
576,13
577,12
578,16
579,11
580,15
581,13
582,15
583,15
584,16
585,13
586,14
587,12
588,10
589,7
590,12
591,12
592,20
593,12
594,17
595,15
596,15
597,13
598,11
599,8
600,15
601,14
602,12
603,12
604,9
605,18
606,15
607,13
608,13
609,10
610,16
611,10
612,11
613,15
614,12
615,14
616,12
617,17
618,12
619,8
620,23
621,10
622,9
623,13
624,14
625,11
626,16
627,12
628,15
629,13
630,22
631,15
632,19
633,14
634,14
635,13
636,8
637,12
638,14
639,20
640,23
641,18
642,15
643,14
644,16
645,11
646,14
647,9
648,13
649,14
650,22
651,17
652,9
653,11
654,11
655,13
656,10
657,17
658,15
659,16
660,19
661,14
662,11
663,6
664,10
665,13
666,20
667,10
668,11
669,7
670,13
671,11
672,15
673,16
674,22
675,12
676,15
677,9
678,17
679,11
680,14
681,12
682,15
683,15
684,24
685,18
686,13
687,8
688,9
689,4
690,16
691,7
692,17
693,15
694,12
695,12
696,7
697,11
698,16
699,17
700,10
701,20
702,9
703,13
704,13
705,14
706,9
707,11
708,11
709,10
710,18
711,18
712,14
713,14
714,9
715,15
716,15
717,12
718,10
719,12
720,12
721,12
722,11
723,11
724,12
725,13
726,18
727,11
728,14
729,13
730,12
731,14
732,12
733,17
734,9
735,14
736,12
737,16
738,13
739,11
740,17
741,16
742,13
743,11
744,16
745,20
746,19
747,15
748,19
749,18
750,11
751,9
752,8
753,12
754,9
755,10
756,18
757,14
758,17
759,13
760,16
761,12
762,10
763,10
764,10
765,9
766,13
767,9
768,22
769,12
770,7
771,13
772,9
773,11
774,13
775,11
776,12
777,20
778,12
779,12
780,10
781,9
782,7
783,14
784,8
785,12
786,13
787,14
788,17
789,15
790,10
791,8
792,6
793,9
794,14
795,15
796,12
797,14
798,12
799,14
800,9
801,12
802,9
803,9
804,7
805,11
806,8
807,13
808,9
809,8
810,7
811,14
812,10
813,7
814,5
815,16
816,12
817,15
818,14
819,17
820,7
821,17
822,13
823,14
824,12
825,11
826,13
827,11
828,14
829,15
830,8
831,11
832,14
833,16
834,11
835,14
836,19
837,8
838,7
839,5
840,4
841,14
842,13
843,12
844,12
845,8
846,13
847,13
848,9
849,14
850,8
851,13
852,6
853,10
854,13
855,16
856,11
857,10
858,6
859,13
860,7
861,10
862,10
863,16
864,7
865,9
866,14
867,12
868,10
869,13
870,10
871,12
872,9
873,10
874,12
875,10
876,13
877,9
878,12
879,15
880,7
881,17
882,12
883,9
884,15
885,10
886,12
887,8
888,14
889,9
890,12
891,10
892,12
893,12
894,11
895,13
896,11
897,12
898,14
899,11
900,12
901,8
902,11
903,11
904,11
905,16
906,6
907,12
908,9
909,10
910,13
911,14
912,13
913,10
914,14
915,14
916,11
917,16
918,9
919,14
920,10
921,10
922,12
923,14
924,9
925,14
926,13
927,10
928,8
929,7
930,7
931,7
932,12
933,9
934,13
935,11
936,6
937,6
938,11
939,12
940,11
941,8
942,12
943,13
944,9
945,14
946,15
947,12
948,16
949,12
950,11
951,13
952,13
953,6
954,9
955,7
956,17
957,8
958,12
959,9
960,13
961,13
962,6
963,14
964,17
965,8
966,12
967,15
968,11
969,11
970,15
971,12
972,13
973,13
974,9
975,8
976,9
977,12
978,12
979,12
980,10
981,11
982,12
983,10
984,14
985,10
986,7
987,10
988,12
989,14
990,10
991,11
992,14
993,14
994,17
995,14
996,13
997,6
998,5
999,10
1000,9
1001,10
1002,8
1003,13
1004,10
1005,9
1006,9
1007,8
1008,10
1009,15
1010,13
1011,18
1012,9
1013,14
1014,8
1015,13
1016,11
1017,6
1018,12
1019,10
1020,7
1021,12
1022,11
1023,11
1024,8
1025,6
1026,11
1027,6
1028,14
1029,16
1030,11
1031,10
1032,9
1033,7
1034,7
1035,13
1036,10
1037,9
1038,12
1039,9
