source, target,distance 
69,69,0
5,69,1
8,69,1
17,69,1
18,69,1
23,69,1
29,69,1
30,69,1
33,69,1
37,69,1
38,69,1
41,69,1
44,69,1
45,69,1
49,69,1
50,69,1
51,69,1
56,69,1
59,69,1
65,69,1
67,69,1
0,69,2
1,69,2
2,69,2
3,69,2
4,69,2
6,69,2
7,69,2
9,69,2
10,69,2
11,69,2
12,69,2
13,69,2
14,69,2
15,69,2
16,69,2
19,69,2
20,69,2
21,69,2
22,69,2
24,69,2
25,69,2
26,69,2
27,69,2
28,69,2
31,69,2
32,69,2
34,69,2
35,69,2
36,69,2
39,69,2
40,69,2
42,69,2
43,69,2
46,69,2
47,69,2
48,69,2
52,69,2
54,69,2
57,69,2
58,69,2
62,69,2
63,69,2
64,69,2
53,69,3
55,69,3
61,69,3
67,67,0
1,67,1
2,67,1
11,67,1
15,67,1
16,67,1
17,67,1
20,67,1
26,67,1
29,67,1
30,67,1
31,67,1
32,67,1
33,67,1
34,67,1
36,67,1
41,67,1
44,67,1
45,67,1
49,67,1
63,67,1
0,67,2
3,67,2
4,67,2
5,67,2
6,67,2
7,67,2
8,67,2
9,67,2
10,67,2
12,67,2
13,67,2
14,67,2
18,67,2
19,67,2
21,67,2
22,67,2
23,67,2
24,67,2
25,67,2
27,67,2
28,67,2
35,67,2
37,67,2
38,67,2
39,67,2
42,67,2
46,67,2
47,67,2
51,67,2
52,67,2
55,67,2
40,67,3
43,67,3
48,67,3
50,67,3
56,56,0
0,56,1
6,56,1
10,56,1
17,56,1
22,56,1
24,56,1
25,56,1
26,56,1
27,56,1
28,56,1
29,56,1
31,56,1
34,56,1
36,56,1
37,56,1
41,56,1
42,56,1
43,56,1
47,56,1
54,56,1
1,56,2
2,56,2
3,56,2
4,56,2
5,56,2
7,56,2
8,56,2
9,56,2
11,56,2
12,56,2
13,56,2
14,56,2
15,56,2
16,56,2
18,56,2
19,56,2
20,56,2
21,56,2
23,56,2
30,56,2
32,56,2
33,56,2
35,56,2
38,56,2
39,56,2
40,56,2
44,56,2
45,56,2
46,56,2
49,56,2
53,56,2
50,56,3
29,29,0
1,29,1
2,29,1
4,29,1
5,29,1
6,29,1
7,29,1
10,29,1
11,29,1
12,29,1
16,29,1
17,29,1
18,29,1
20,29,1
21,29,1
22,29,1
23,29,1
24,29,1
25,29,1
26,29,1
28,29,1
0,29,2
3,29,2
8,29,2
9,29,2
13,29,2
14,29,2
15,29,2
19,29,2
27,29,2
33,33,0
2,33,1
3,33,1
7,33,1
10,33,1
15,33,1
16,33,1
18,33,1
19,33,1
20,33,1
21,33,1
22,33,1
23,33,1
24,33,1
25,33,1
26,33,1
27,33,1
29,33,1
30,33,1
31,33,1
32,33,1
0,33,2
1,33,2
4,33,2
5,33,2
6,33,2
8,33,2
9,33,2
11,33,2
12,33,2
13,33,2
14,33,2
17,33,2
28,33,2
59,59,0
4,59,1
11,59,1
18,59,1
19,59,1
20,59,1
21,59,1
24,59,1
25,59,1
29,59,1
31,59,1
33,59,1
37,59,1
38,59,1
39,59,1
44,59,1
48,59,1
51,59,1
54,59,1
56,59,1
58,59,1
0,59,2
1,59,2
2,59,2
3,59,2
5,59,2
6,59,2
7,59,2
8,59,2
9,59,2
10,59,2
12,59,2
13,59,2
14,59,2
15,59,2
16,59,2
17,59,2
22,59,2
23,59,2
26,59,2
27,59,2
28,59,2
30,59,2
32,59,2
34,59,2
35,59,2
36,59,2
40,59,2
41,59,2
42,59,2
43,59,2
45,59,2
46,59,2
47,59,2
49,59,2
50,59,2
52,59,2
53,59,2
55,59,2
44,44,0
2,44,1
7,44,1
8,44,1
10,44,1
17,44,1
21,44,1
22,44,1
23,44,1
25,44,1
27,44,1
28,44,1
30,44,1
31,44,1
32,44,1
34,44,1
35,44,1
36,44,1
37,44,1
38,44,1
42,44,1
0,44,2
1,44,2
3,44,2
4,44,2
5,44,2
6,44,2
9,44,2
11,44,2
12,44,2
13,44,2
14,44,2
15,44,2
16,44,2
18,44,2
19,44,2
20,44,2
24,44,2
26,44,2
29,44,2
33,44,2
39,44,2
38,38,0
1,38,1
2,38,1
3,38,1
9,38,1
10,38,1
11,38,1
15,38,1
17,38,1
20,38,1
21,38,1
24,38,1
26,38,1
27,38,1
28,38,1
30,38,1
31,38,1
32,38,1
34,38,1
36,38,1
37,38,1
0,38,2
4,38,2
5,38,2
6,38,2
7,38,2
8,38,2
12,38,2
13,38,2
14,38,2
16,38,2
18,38,2
19,38,2
22,38,2
23,38,2
25,38,2
29,38,2
33,38,2
35,38,2
51,51,0
2,51,1
19,51,1
20,51,1
21,51,1
24,51,1
25,51,1
26,51,1
27,51,1
30,51,1
33,51,1
34,51,1
38,51,1
39,51,1
40,51,1
43,51,1
46,51,1
47,51,1
48,51,1
49,51,1
50,51,1
0,51,2
1,51,2
3,51,2
4,51,2
5,51,2
6,51,2
7,51,2
8,51,2
9,51,2
10,51,2
11,51,2
12,51,2
13,51,2
14,51,2
15,51,2
16,51,2
17,51,2
18,51,2
22,51,2
23,51,2
28,51,2
29,51,2
31,51,2
32,51,2
35,51,2
36,51,2
37,51,2
41,51,2
42,51,2
44,51,2
45,51,2
45,45,0
0,45,1
2,45,1
4,45,1
9,45,1
13,45,1
14,45,1
16,45,1
22,45,1
23,45,1
24,45,1
31,45,1
32,45,1
33,45,1
34,45,1
36,45,1
37,45,1
38,45,1
39,45,1
41,45,1
44,45,1
1,45,2
3,45,2
5,45,2
6,45,2
7,45,2
8,45,2
10,45,2
11,45,2
12,45,2
15,45,2
17,45,2
18,45,2
19,45,2
20,45,2
21,45,2
25,45,2
26,45,2
27,45,2
28,45,2
29,45,2
30,45,2
35,45,2
42,45,2
41,41,0
1,41,1
2,41,1
3,41,1
5,41,1
8,41,1
13,41,1
17,41,1
20,41,1
21,41,1
22,41,1
23,41,1
27,41,1
28,41,1
29,41,1
30,41,1
31,41,1
33,41,1
36,41,1
38,41,1
39,41,1
0,41,2
4,41,2
6,41,2
7,41,2
9,41,2
10,41,2
11,41,2
12,41,2
14,41,2
15,41,2
16,41,2
18,41,2
19,41,2
24,41,2
25,41,2
26,41,2
32,41,2
34,41,2
35,41,2
37,41,2
23,23,0
0,23,1
1,23,1
2,23,1
3,23,1
4,23,1
5,23,1
6,23,1
7,23,1
8,23,1
9,23,1
10,23,1
11,23,1
12,23,1
14,23,1
15,23,1
16,23,1
17,23,1
20,23,1
21,23,1
22,23,1
13,23,2
18,23,2
19,23,2
37,37,0
0,37,1
2,37,1
5,37,1
7,37,1
8,37,1
17,37,1
18,37,1
19,37,1
21,37,1
22,37,1
23,37,1
25,37,1
26,37,1
27,37,1
28,37,1
30,37,1
31,37,1
32,37,1
33,37,1
36,37,1
1,37,2
3,37,2
4,37,2
6,37,2
9,37,2
10,37,2
11,37,2
12,37,2
13,37,2
14,37,2
15,37,2
16,37,2
20,37,2
24,37,2
29,37,2
34,37,2
35,37,2
49,49,0
0,49,1
3,49,1
4,49,1
5,49,1
7,49,1
8,49,1
16,49,1
23,49,1
25,49,1
26,49,1
28,49,1
29,49,1
31,49,1
32,49,1
33,49,1
35,49,1
38,49,1
42,49,1
46,49,1
47,49,1
1,49,2
2,49,2
6,49,2
9,49,2
10,49,2
11,49,2
12,49,2
13,49,2
14,49,2
15,49,2
17,49,2
18,49,2
19,49,2
20,49,2
21,49,2
22,49,2
24,49,2
27,49,2
30,49,2
34,49,2
36,49,2
37,49,2
39,49,2
40,49,2
41,49,2
43,49,2
45,49,2
44,49,3
30,30,0
1,30,1
4,30,1
5,30,1
8,30,1
9,30,1
11,30,1
14,30,1
15,30,1
16,30,1
17,30,1
20,30,1
21,30,1
22,30,1
23,30,1
24,30,1
25,30,1
26,30,1
27,30,1
28,30,1
29,30,1
0,30,2
2,30,2
3,30,2
6,30,2
7,30,2
10,30,2
12,30,2
13,30,2
18,30,2
19,30,2
18,18,0
17,17,0
65,65,0
4,65,1
9,65,1
16,65,1
23,65,1
25,65,1
29,65,1
31,65,1
34,65,1
36,65,1
39,65,1
42,65,1
43,65,1
46,65,1
49,65,1
52,65,1
54,65,1
57,65,1
58,65,1
62,65,1
64,65,1
0,65,2
1,65,2
2,65,2
3,65,2
5,65,2
6,65,2
7,65,2
8,65,2
10,65,2
11,65,2
12,65,2
13,65,2
14,65,2
15,65,2
17,65,2
18,65,2
19,65,2
20,65,2
21,65,2
22,65,2
24,65,2
26,65,2
27,65,2
28,65,2
30,65,2
32,65,2
33,65,2
35,65,2
37,65,2
38,65,2
40,65,2
41,65,2
44,65,2
45,65,2
47,65,2
48,65,2
51,65,2
53,65,2
55,65,2
56,65,2
61,65,2
50,65,3
59,65,3
5,5,0
50,50,0
3,50,1
8,50,1
16,50,1
17,50,1
19,50,1
21,50,1
24,50,1
25,50,1
28,50,1
30,50,1
31,50,1
32,50,1
38,50,1
40,50,1
41,50,1
42,50,1
45,50,1
46,50,1
47,50,1
49,50,1
0,50,2
1,50,2
2,50,2
4,50,2
5,50,2
6,50,2
7,50,2
9,50,2
10,50,2
11,50,2
12,50,2
13,50,2
14,50,2
15,50,2
18,50,2
20,50,2
22,50,2
23,50,2
26,50,2
27,50,2
29,50,2
33,50,2
34,50,2
35,50,2
36,50,2
37,50,2
39,50,2
43,50,2
44,50,2
8,8,0
20,20,0
0,20,1
1,20,1
2,20,1
3,20,1
4,20,1
5,20,1
6,20,1
7,20,1
8,20,1
9,20,1
10,20,1
11,20,1
12,20,1
13,20,1
14,20,1
15,20,1
16,20,1
17,20,1
18,20,1
19,20,1
2,2,0
1,1,0
26,26,0
0,26,1
1,26,1
2,26,1
5,26,1
7,26,1
8,26,1
9,26,1
10,26,1
13,26,1
14,26,1
16,26,1
17,26,1
18,26,1
19,26,1
20,26,1
21,26,1
22,26,1
23,26,1
24,26,1
25,26,1
3,26,2
4,26,2
6,26,2
11,26,2
12,26,2
15,26,2
36,36,0
4,36,1
8,36,1
10,36,1
12,36,1
14,36,1
15,36,1
17,36,1
20,36,1
21,36,1
22,36,1
23,36,1
25,36,1
26,36,1
28,36,1
30,36,1
31,36,1
32,36,1
33,36,1
34,36,1
35,36,1
0,36,2
1,36,2
2,36,2
3,36,2
5,36,2
6,36,2
7,36,2
9,36,2
11,36,2
13,36,2
16,36,2
18,36,2
19,36,2
24,36,2
27,36,2
29,36,2
63,63,0
3,63,1
4,63,1
11,63,1
12,63,1
14,63,1
15,63,1
16,63,1
20,63,1
22,63,1
28,63,1
32,63,1
34,63,1
36,63,1
37,63,1
39,63,1
41,63,1
46,63,1
51,63,1
52,63,1
55,63,1
0,63,2
1,63,2
2,63,2
5,63,2
6,63,2
7,63,2
8,63,2
9,63,2
10,63,2
13,63,2
17,63,2
18,63,2
19,63,2
21,63,2
23,63,2
24,63,2
25,63,2
26,63,2
27,63,2
29,63,2
30,63,2
31,63,2
33,63,2
35,63,2
38,63,2
40,63,2
42,63,2
43,63,2
44,63,2
47,63,2
48,63,2
49,63,2
50,63,2
45,63,3
15,15,0
32,32,0
2,32,1
5,32,1
7,32,1
8,32,1
9,32,1
10,32,1
11,32,1
14,32,1
17,32,1
18,32,1
20,32,1
21,32,1
23,32,1
24,32,1
25,32,1
26,32,1
27,32,1
29,32,1
30,32,1
31,32,1
0,32,2
1,32,2
3,32,2
4,32,2
6,32,2
12,32,2
13,32,2
15,32,2
16,32,2
19,32,2
22,32,2
28,32,2
16,16,0
11,11,0
34,34,0
0,34,1
2,34,1
3,34,1
4,34,1
7,34,1
10,34,1
11,34,1
13,34,1
14,34,1
17,34,1
18,34,1
20,34,1
21,34,1
23,34,1
24,34,1
25,34,1
26,34,1
29,34,1
31,34,1
33,34,1
1,34,2
5,34,2
6,34,2
8,34,2
9,34,2
12,34,2
15,34,2
16,34,2
19,34,2
22,34,2
27,34,2
28,34,2
30,34,2
32,34,2
31,31,0
0,31,1
2,31,1
3,31,1
5,31,1
7,31,1
8,31,1
9,31,1
13,31,1
16,31,1
17,31,1
20,31,1
21,31,1
22,31,1
23,31,1
24,31,1
25,31,1
26,31,1
28,31,1
29,31,1
30,31,1
1,31,2
4,31,2
6,31,2
10,31,2
11,31,2
12,31,2
14,31,2
15,31,2
18,31,2
19,31,2
27,31,2
57,57,0
0,57,1
4,57,1
7,57,1
12,57,1
13,57,1
18,57,1
19,57,1
23,57,1
28,57,1
32,57,1
35,57,1
37,57,1
41,57,1
43,57,1
44,57,1
46,57,1
47,57,1
48,57,1
52,57,1
53,57,1
1,57,2
2,57,2
3,57,2
5,57,2
6,57,2
8,57,2
9,57,2
10,57,2
11,57,2
14,57,2
15,57,2
16,57,2
17,57,2
20,57,2
21,57,2
22,57,2
24,57,2
25,57,2
26,57,2
27,57,2
29,57,2
30,57,2
31,57,2
33,57,2
34,57,2
36,57,2
38,57,2
39,57,2
40,57,2
42,57,2
45,57,2
50,57,2
49,57,3
19,19,0
4,4,0
7,7,0
53,53,0
10,53,1
14,53,1
17,53,1
18,53,1
21,53,1
24,53,1
25,53,1
27,53,1
28,53,1
31,53,1
32,53,1
35,53,1
36,53,1
37,53,1
38,53,1
40,53,1
41,53,1
46,53,1
47,53,1
50,53,1
0,53,2
1,53,2
2,53,2
3,53,2
4,53,2
5,53,2
6,53,2
7,53,2
8,53,2
9,53,2
11,53,2
12,53,2
13,53,2
15,53,2
16,53,2
19,53,2
20,53,2
22,53,2
23,53,2
26,53,2
29,53,2
30,53,2
33,53,2
34,53,2
39,53,2
42,53,2
43,53,2
45,53,2
49,53,2
44,53,3
52,52,0
4,52,1
5,52,1
6,52,1
17,52,1
20,52,1
21,52,1
22,52,1
25,52,1
27,52,1
28,52,1
29,52,1
33,52,1
35,52,1
39,52,1
40,52,1
41,52,1
42,52,1
43,52,1
44,52,1
46,52,1
0,52,2
1,52,2
2,52,2
3,52,2
7,52,2
8,52,2
9,52,2
10,52,2
11,52,2
12,52,2
13,52,2
14,52,2
15,52,2
16,52,2
18,52,2
19,52,2
23,52,2
24,52,2
26,52,2
30,52,2
31,52,2
32,52,2
34,52,2
36,52,2
37,52,2
38,52,2
28,28,0
3,28,1
4,28,1
5,28,1
7,28,1
8,28,1
10,28,1
11,28,1
13,28,1
14,28,1
16,28,1
18,28,1
19,28,1
20,28,1
21,28,1
22,28,1
23,28,1
24,28,1
25,28,1
26,28,1
27,28,1
0,28,2
1,28,2
2,28,2
6,28,2
9,28,2
12,28,2
15,28,2
17,28,2
12,12,0
0,0,0
48,48,0
1,48,1
6,48,1
8,48,1
17,48,1
18,48,1
21,48,1
22,48,1
24,48,1
25,48,1
28,48,1
29,48,1
35,48,1
39,48,1
41,48,1
42,48,1
43,48,1
44,48,1
45,48,1
46,48,1
47,48,1
0,48,2
2,48,2
3,48,2
4,48,2
5,48,2
7,48,2
9,48,2
10,48,2
11,48,2
12,48,2
13,48,2
14,48,2
15,48,2
16,48,2
19,48,2
20,48,2
23,48,2
26,48,2
27,48,2
30,48,2
31,48,2
32,48,2
33,48,2
34,48,2
36,48,2
37,48,2
38,48,2
40,48,2
46,46,0
4,46,1
6,46,1
14,46,1
15,46,1
16,46,1
19,46,1
21,46,1
22,46,1
24,46,1
25,46,1
26,46,1
29,46,1
34,46,1
35,46,1
37,46,1
39,46,1
40,46,1
41,46,1
42,46,1
43,46,1
0,46,2
1,46,2
2,46,2
3,46,2
5,46,2
7,46,2
8,46,2
9,46,2
10,46,2
11,46,2
12,46,2
13,46,2
17,46,2
18,46,2
20,46,2
23,46,2
27,46,2
28,46,2
30,46,2
31,46,2
32,46,2
33,46,2
36,46,2
38,46,2
13,13,0
43,43,0
1,43,1
4,43,1
5,43,1
9,43,1
17,43,1
21,43,1
22,43,1
25,43,1
26,43,1
27,43,1
28,43,1
29,43,1
30,43,1
31,43,1
32,43,1
33,43,1
34,43,1
37,43,1
38,43,1
39,43,1
0,43,2
2,43,2
3,43,2
6,43,2
7,43,2
8,43,2
10,43,2
11,43,2
12,43,2
13,43,2
14,43,2
15,43,2
16,43,2
18,43,2
19,43,2
20,43,2
23,43,2
24,43,2
36,43,2
35,43,3
47,47,0
0,47,1
3,47,1
4,47,1
8,47,1
9,47,1
10,47,1
15,47,1
20,47,1
21,47,1
26,47,1
27,47,1
28,47,1
29,47,1
30,47,1
32,47,1
39,47,1
41,47,1
42,47,1
45,47,1
46,47,1
1,47,2
2,47,2
5,47,2
6,47,2
7,47,2
11,47,2
12,47,2
13,47,2
14,47,2
16,47,2
17,47,2
18,47,2
19,47,2
22,47,2
23,47,2
24,47,2
25,47,2
31,47,2
33,47,2
34,47,2
35,47,2
36,47,2
37,47,2
38,47,2
40,47,2
43,47,2
44,47,2
35,35,0
1,35,1
2,35,1
4,35,1
6,35,1
8,35,1
9,35,1
10,35,1
17,35,1
18,35,1
19,35,1
20,35,1
22,35,1
23,35,1
24,35,1
25,35,1
29,35,1
30,35,1
31,35,1
32,35,1
33,35,1
0,35,2
3,35,2
5,35,2
7,35,2
11,35,2
12,35,2
13,35,2
14,35,2
15,35,2
16,35,2
21,35,2
26,35,2
27,35,2
28,35,2
80,80,0
1,80,1
2,80,1
3,80,1
7,80,1
8,80,1
14,80,1
17,80,1
20,80,1
21,80,1
34,80,1
35,80,1
47,80,1
52,80,1
54,80,1
57,80,1
61,80,1
62,80,1
66,80,1
70,80,1
78,80,1
0,80,2
4,80,2
5,80,2
6,80,2
9,80,2
10,80,2
11,80,2
12,80,2
13,80,2
15,80,2
16,80,2
18,80,2
19,80,2
22,80,2
23,80,2
24,80,2
25,80,2
26,80,2
27,80,2
28,80,2
29,80,2
30,80,2
31,80,2
32,80,2
33,80,2
36,80,2
37,80,2
38,80,2
39,80,2
40,80,2
41,80,2
42,80,2
43,80,2
44,80,2
45,80,2
46,80,2
48,80,2
49,80,2
51,80,2
53,80,2
55,80,2
56,80,2
58,80,2
59,80,2
60,80,2
63,80,2
67,80,2
69,80,2
75,80,2
50,80,3
65,80,3
73,80,3
64,80,4
62,62,0
8,62,1
9,62,1
12,62,1
17,62,1
18,62,1
21,62,1
29,62,1
32,62,1
33,62,1
34,62,1
35,62,1
37,62,1
39,62,1
43,62,1
46,62,1
48,62,1
49,62,1
54,62,1
57,62,1
58,62,1
0,62,2
1,62,2
2,62,2
3,62,2
4,62,2
5,62,2
6,62,2
7,62,2
10,62,2
11,62,2
13,62,2
14,62,2
15,62,2
16,62,2
19,62,2
20,62,2
22,62,2
23,62,2
24,62,2
25,62,2
26,62,2
27,62,2
28,62,2
30,62,2
31,62,2
36,62,2
38,62,2
40,62,2
41,62,2
42,62,2
44,62,2
45,62,2
47,62,2
52,62,2
53,62,2
55,62,2
50,62,3
78,78,0
1,78,1
4,78,1
6,78,1
13,78,1
20,78,1
21,78,1
22,78,1
25,78,1
28,78,1
30,78,1
31,78,1
35,78,1
41,78,1
43,78,1
44,78,1
49,78,1
56,78,1
57,78,1
67,78,1
75,78,1
0,78,2
2,78,2
3,78,2
5,78,2
7,78,2
8,78,2
9,78,2
10,78,2
11,78,2
12,78,2
14,78,2
15,78,2
16,78,2
17,78,2
18,78,2
19,78,2
23,78,2
24,78,2
26,78,2
27,78,2
29,78,2
32,78,2
33,78,2
34,78,2
36,78,2
37,78,2
38,78,2
39,78,2
40,78,2
42,78,2
45,78,2
46,78,2
47,78,2
48,78,2
51,78,2
52,78,2
53,78,2
54,78,2
63,78,2
65,78,2
69,78,2
73,78,2
50,78,3
55,78,3
58,78,3
59,78,3
62,78,3
64,78,3
61,78,4
14,14,0
70,70,0
2,70,1
16,70,1
21,70,1
23,70,1
24,70,1
26,70,1
27,70,1
29,70,1
31,70,1
33,70,1
34,70,1
35,70,1
36,70,1
39,70,1
42,70,1
43,70,1
52,70,1
58,70,1
59,70,1
69,70,1
0,70,2
1,70,2
3,70,2
4,70,2
5,70,2
6,70,2
7,70,2
8,70,2
9,70,2
10,70,2
11,70,2
12,70,2
13,70,2
14,70,2
15,70,2
17,70,2
18,70,2
19,70,2
20,70,2
22,70,2
25,70,2
28,70,2
30,70,2
32,70,2
37,70,2
38,70,2
40,70,2
41,70,2
44,70,2
45,70,2
46,70,2
48,70,2
49,70,2
50,70,2
51,70,2
54,70,2
55,70,2
56,70,2
65,70,2
67,70,2
47,70,3
53,70,3
57,70,3
62,70,3
63,70,3
64,70,3
61,70,4
66,66,0
5,66,1
8,66,1
19,66,1
21,66,1
25,66,1
27,66,1
30,66,1
31,66,1
32,66,1
40,66,1
42,66,1
44,66,1
46,66,1
49,66,1
51,66,1
52,66,1
58,66,1
60,66,1
62,66,1
63,66,1
0,66,2
1,66,2
2,66,2
3,66,2
4,66,2
6,66,2
7,66,2
9,66,2
10,66,2
11,66,2
12,66,2
13,66,2
14,66,2
15,66,2
16,66,2
17,66,2
18,66,2
20,66,2
22,66,2
23,66,2
24,66,2
26,66,2
28,66,2
29,66,2
33,66,2
34,66,2
35,66,2
36,66,2
37,66,2
38,66,2
39,66,2
41,66,2
43,66,2
47,66,2
48,66,2
50,66,2
53,66,2
54,66,2
55,66,2
56,66,2
57,66,2
59,66,2
45,66,3
61,61,0
6,61,1
11,61,1
19,61,1
20,61,1
22,61,1
23,61,1
24,61,1
27,61,1
29,61,1
31,61,1
32,61,1
34,61,1
35,61,1
38,61,1
40,61,1
42,61,1
44,61,1
47,61,1
55,61,1
59,61,1
0,61,2
1,61,2
2,61,2
3,61,2
4,61,2
5,61,2
7,61,2
8,61,2
9,61,2
10,61,2
12,61,2
13,61,2
14,61,2
15,61,2
16,61,2
17,61,2
18,61,2
21,61,2
25,61,2
26,61,2
28,61,2
30,61,2
33,61,2
36,61,2
37,61,2
39,61,2
41,61,2
43,61,2
45,61,2
46,61,2
48,61,2
51,61,2
52,61,2
54,61,2
56,61,2
58,61,2
49,61,3
50,61,3
53,61,3
54,54,0
2,54,1
7,54,1
14,54,1
20,54,1
21,54,1
24,54,1
25,54,1
27,54,1
30,54,1
31,54,1
32,54,1
34,54,1
37,54,1
40,54,1
43,54,1
44,54,1
45,54,1
46,54,1
49,54,1
53,54,1
0,54,2
1,54,2
3,54,2
4,54,2
5,54,2
6,54,2
8,54,2
9,54,2
10,54,2
11,54,2
12,54,2
13,54,2
15,54,2
16,54,2
17,54,2
18,54,2
19,54,2
22,54,2
23,54,2
26,54,2
28,54,2
29,54,2
33,54,2
35,54,2
36,54,2
38,54,2
39,54,2
41,54,2
42,54,2
47,54,2
50,54,2
3,3,0
21,21,0
0,21,1
1,21,1
2,21,1
3,21,1
4,21,1
6,21,1
7,21,1
8,21,1
9,21,1
10,21,1
11,21,1
12,21,1
13,21,1
14,21,1
15,21,1
16,21,1
17,21,1
18,21,1
19,21,1
20,21,1
5,21,2
102,102,0
7,102,1
20,102,1
22,102,1
24,102,1
29,102,1
31,102,1
33,102,1
34,102,1
36,102,1
38,102,1
39,102,1
54,102,1
59,102,1
60,102,1
63,102,1
66,102,1
74,102,1
76,102,1
80,102,1
81,102,1
0,102,2
1,102,2
2,102,2
3,102,2
4,102,2
5,102,2
6,102,2
8,102,2
9,102,2
10,102,2
11,102,2
12,102,2
13,102,2
14,102,2
15,102,2
16,102,2
17,102,2
18,102,2
19,102,2
21,102,2
23,102,2
25,102,2
26,102,2
27,102,2
28,102,2
30,102,2
32,102,2
35,102,2
37,102,2
40,102,2
41,102,2
42,102,2
43,102,2
44,102,2
45,102,2
46,102,2
47,102,2
48,102,2
49,102,2
50,102,2
51,102,2
52,102,2
53,102,2
55,102,2
56,102,2
57,102,2
58,102,2
61,102,2
62,102,2
69,102,2
70,102,2
73,102,2
75,102,2
78,102,2
65,102,3
67,102,3
64,102,4
81,81,0
4,81,1
5,81,1
6,81,1
9,81,1
15,81,1
17,81,1
19,81,1
21,81,1
23,81,1
29,81,1
31,81,1
34,81,1
35,81,1
44,81,1
48,81,1
56,81,1
58,81,1
60,81,1
66,81,1
80,81,1
0,81,2
1,81,2
2,81,2
3,81,2
7,81,2
8,81,2
10,81,2
11,81,2
12,81,2
13,81,2
14,81,2
16,81,2
18,81,2
20,81,2
22,81,2
24,81,2
25,81,2
26,81,2
27,81,2
28,81,2
30,81,2
32,81,2
33,81,2
36,81,2
37,81,2
38,81,2
39,81,2
40,81,2
41,81,2
42,81,2
43,81,2
45,81,2
46,81,2
47,81,2
49,81,2
50,81,2
51,81,2
52,81,2
53,81,2
54,81,2
55,81,2
57,81,2
59,81,2
61,81,2
62,81,2
63,81,2
70,81,2
78,81,2
67,81,3
69,81,3
75,81,3
65,81,4
73,81,4
64,81,5
24,24,0
0,24,1
1,24,1
3,24,1
4,24,1
5,24,1
6,24,1
8,24,1
9,24,1
10,24,1
11,24,1
13,24,1
14,24,1
15,24,1
16,24,1
18,24,1
19,24,1
20,24,1
21,24,1
22,24,1
23,24,1
2,24,2
7,24,2
12,24,2
17,24,2
60,60,0
3,60,1
6,60,1
16,60,1
18,60,1
19,60,1
22,60,1
23,60,1
24,60,1
28,60,1
30,60,1
32,60,1
33,60,1
37,60,1
44,60,1
46,60,1
50,60,1
53,60,1
54,60,1
56,60,1
59,60,1
0,60,2
1,60,2
2,60,2
4,60,2
5,60,2
7,60,2
8,60,2
9,60,2
10,60,2
11,60,2
12,60,2
13,60,2
14,60,2
15,60,2
17,60,2
20,60,2
21,60,2
25,60,2
26,60,2
27,60,2
29,60,2
31,60,2
34,60,2
35,60,2
36,60,2
38,60,2
39,60,2
40,60,2
41,60,2
42,60,2
43,60,2
45,60,2
47,60,2
48,60,2
49,60,2
51,60,2
58,60,2
52,60,3
55,60,3
74,74,0
2,74,1
3,74,1
7,74,1
10,74,1
20,74,1
21,74,1
24,74,1
25,74,1
28,74,1
30,74,1
32,74,1
33,74,1
38,74,1
39,74,1
42,74,1
45,74,1
47,74,1
53,74,1
61,74,1
73,74,1
0,74,2
1,74,2
4,74,2
5,74,2
6,74,2
8,74,2
9,74,2
11,74,2
12,74,2
13,74,2
14,74,2
15,74,2
16,74,2
17,74,2
18,74,2
19,74,2
22,74,2
23,74,2
26,74,2
27,74,2
29,74,2
31,74,2
34,74,2
35,74,2
36,74,2
37,74,2
40,74,2
41,74,2
44,74,2
46,74,2
48,74,2
50,74,2
55,74,2
58,74,2
59,74,2
65,74,2
67,74,2
69,74,2
43,74,3
49,74,3
51,74,3
52,74,3
54,74,3
56,74,3
57,74,3
62,74,3
63,74,3
64,74,3
76,76,0
2,76,1
10,76,1
17,76,1
20,76,1
21,76,1
22,76,1
23,76,1
24,76,1
27,76,1
30,76,1
38,76,1
40,76,1
43,76,1
44,76,1
50,76,1
54,76,1
56,76,1
63,76,1
69,76,1
75,76,1
0,76,2
1,76,2
3,76,2
4,76,2
5,76,2
6,76,2
7,76,2
8,76,2
9,76,2
11,76,2
12,76,2
13,76,2
14,76,2
15,76,2
16,76,2
18,76,2
19,76,2
25,76,2
26,76,2
28,76,2
29,76,2
31,76,2
32,76,2
33,76,2
34,76,2
35,76,2
36,76,2
37,76,2
39,76,2
41,76,2
42,76,2
45,76,2
46,76,2
47,76,2
49,76,2
51,76,2
52,76,2
53,76,2
55,76,2
59,76,2
65,76,2
67,76,2
73,76,2
48,76,3
57,76,3
58,76,3
62,76,3
64,76,3
61,76,4
22,22,0
0,22,1
1,22,1
3,22,1
4,22,1
5,22,1
6,22,1
7,22,1
8,22,1
9,22,1
10,22,1
11,22,1
12,22,1
14,22,1
15,22,1
16,22,1
17,22,1
18,22,1
19,22,1
20,22,1
21,22,1
2,22,2
13,22,2
39,39,0
0,39,1
1,39,1
2,39,1
7,39,1
11,39,1
14,39,1
17,39,1
18,39,1
20,39,1
21,39,1
22,39,1
24,39,1
25,39,1
26,39,1
28,39,1
29,39,1
30,39,1
32,39,1
37,39,1
38,39,1
3,39,2
4,39,2
5,39,2
6,39,2
8,39,2
9,39,2
10,39,2
12,39,2
13,39,2
15,39,2
16,39,2
19,39,2
23,39,2
27,39,2
31,39,2
33,39,2
34,39,2
36,39,2
35,39,3
25,25,0
1,25,1
2,25,1
3,25,1
4,25,1
5,25,1
6,25,1
7,25,1
9,25,1
10,25,1
11,25,1
12,25,1
15,25,1
16,25,1
17,25,1
19,25,1
20,25,1
21,25,1
22,25,1
23,25,1
24,25,1
0,25,2
8,25,2
13,25,2
14,25,2
18,25,2
58,58,0
0,58,1
1,58,1
2,58,1
4,58,1
5,58,1
6,58,1
14,58,1
17,58,1
21,58,1
27,58,1
30,58,1
32,58,1
34,58,1
35,58,1
38,58,1
44,58,1
46,58,1
52,58,1
54,58,1
55,58,1
3,58,2
7,58,2
8,58,2
9,58,2
10,58,2
11,58,2
12,58,2
13,58,2
15,58,2
16,58,2
18,58,2
19,58,2
20,58,2
22,58,2
23,58,2
24,58,2
25,58,2
26,58,2
28,58,2
29,58,2
31,58,2
33,58,2
36,58,2
37,58,2
39,58,2
40,58,2
41,58,2
42,58,2
43,58,2
45,58,2
48,58,2
49,58,2
53,58,2
47,58,3
50,58,3
112,112,0
2,112,1
5,112,1
27,112,1
30,112,1
33,112,1
38,112,1
39,112,1
49,112,1
59,112,1
61,112,1
70,112,1
75,112,1
77,112,1
82,112,1
85,112,1
86,112,1
93,112,1
94,112,1
102,112,1
111,112,1
0,112,2
1,112,2
3,112,2
4,112,2
6,112,2
7,112,2
8,112,2
9,112,2
10,112,2
11,112,2
14,112,2
15,112,2
16,112,2
17,112,2
18,112,2
19,112,2
20,112,2
21,112,2
22,112,2
23,112,2
24,112,2
25,112,2
26,112,2
28,112,2
29,112,2
31,112,2
32,112,2
34,112,2
35,112,2
36,112,2
37,112,2
40,112,2
41,112,2
42,112,2
43,112,2
44,112,2
46,112,2
47,112,2
48,112,2
50,112,2
51,112,2
52,112,2
53,112,2
54,112,2
55,112,2
56,112,2
57,112,2
58,112,2
60,112,2
62,112,2
63,112,2
64,112,2
65,112,2
66,112,2
68,112,2
69,112,2
73,112,2
74,112,2
76,112,2
78,112,2
79,112,2
80,112,2
81,112,2
84,112,2
87,112,2
88,112,2
99,112,2
100,112,2
104,112,2
12,112,3
13,112,3
45,112,3
67,112,3
71,112,3
83,112,3
90,112,3
96,112,3
95,112,4
86,86,0
1,86,1
2,86,1
4,86,1
5,86,1
8,86,1
9,86,1
10,86,1
18,86,1
25,86,1
29,86,1
36,86,1
42,86,1
47,86,1
52,86,1
60,86,1
64,86,1
66,86,1
74,86,1
82,86,1
84,86,1
0,86,2
3,86,2
6,86,2
7,86,2
11,86,2
12,86,2
14,86,2
15,86,2
16,86,2
17,86,2
19,86,2
20,86,2
21,86,2
22,86,2
23,86,2
24,86,2
26,86,2
27,86,2
28,86,2
30,86,2
31,86,2
32,86,2
33,86,2
34,86,2
35,86,2
37,86,2
38,86,2
39,86,2
40,86,2
41,86,2
43,86,2
44,86,2
45,86,2
46,86,2
48,86,2
49,86,2
50,86,2
51,86,2
53,86,2
54,86,2
56,86,2
57,86,2
58,86,2
59,86,2
61,86,2
62,86,2
63,86,2
65,86,2
67,86,2
69,86,2
70,86,2
73,86,2
78,86,2
80,86,2
13,86,3
55,86,3
75,86,3
27,27,0
0,27,1
1,27,1
2,27,1
3,27,1
4,27,1
5,27,1
6,27,1
8,27,1
9,27,1
10,27,1
11,27,1
15,27,1
19,27,1
20,27,1
21,27,1
22,27,1
23,27,1
24,27,1
25,27,1
26,27,1
7,27,2
12,27,2
13,27,2
14,27,2
16,27,2
17,27,2
18,27,2
94,94,0
4,94,1
9,94,1
11,94,1
17,94,1
19,94,1
23,94,1
26,94,1
28,94,1
31,94,1
32,94,1
34,94,1
37,94,1
41,94,1
50,94,1
65,94,1
68,94,1
70,94,1
79,94,1
81,94,1
85,94,1
0,94,2
1,94,2
2,94,2
3,94,2
5,94,2
6,94,2
7,94,2
8,94,2
10,94,2
12,94,2
13,94,2
14,94,2
15,94,2
16,94,2
18,94,2
20,94,2
21,94,2
22,94,2
24,94,2
25,94,2
27,94,2
29,94,2
30,94,2
33,94,2
35,94,2
36,94,2
38,94,2
39,94,2
40,94,2
42,94,2
43,94,2
44,94,2
45,94,2
46,94,2
47,94,2
48,94,2
49,94,2
51,94,2
52,94,2
53,94,2
54,94,2
56,94,2
57,94,2
58,94,2
59,94,2
60,94,2
61,94,2
62,94,2
63,94,2
64,94,2
66,94,2
69,94,2
73,94,2
74,94,2
75,94,2
76,94,2
78,94,2
80,94,2
55,94,3
67,94,3
85,85,0
2,85,1
9,85,1
11,85,1
21,85,1
26,85,1
31,85,1
32,85,1
34,85,1
36,85,1
40,85,1
44,85,1
50,85,1
62,85,1
63,85,1
70,85,1
74,85,1
75,85,1
76,85,1
78,85,1
81,85,1
0,85,2
1,85,2
3,85,2
4,85,2
5,85,2
6,85,2
7,85,2
8,85,2
10,85,2
12,85,2
13,85,2
14,85,2
15,85,2
16,85,2
17,85,2
18,85,2
19,85,2
20,85,2
22,85,2
23,85,2
24,85,2
25,85,2
27,85,2
28,85,2
29,85,2
30,85,2
33,85,2
35,85,2
37,85,2
38,85,2
39,85,2
41,85,2
42,85,2
43,85,2
45,85,2
46,85,2
47,85,2
48,85,2
49,85,2
51,85,2
52,85,2
53,85,2
54,85,2
55,85,2
56,85,2
57,85,2
58,85,2
59,85,2
60,85,2
61,85,2
65,85,2
66,85,2
67,85,2
69,85,2
73,85,2
80,85,2
64,85,3
111,111,0
0,111,1
4,111,1
30,111,1
31,111,1
33,111,1
38,111,1
44,111,1
46,111,1
49,111,1
56,111,1
65,111,1
70,111,1
74,111,1
78,111,1
79,111,1
87,111,1
88,111,1
99,111,1
100,111,1
104,111,1
1,111,2
2,111,2
3,111,2
5,111,2
6,111,2
7,111,2
8,111,2
9,111,2
10,111,2
11,111,2
13,111,2
14,111,2
15,111,2
16,111,2
17,111,2
18,111,2
19,111,2
20,111,2
21,111,2
22,111,2
23,111,2
24,111,2
25,111,2
26,111,2
27,111,2
28,111,2
29,111,2
32,111,2
34,111,2
35,111,2
36,111,2
37,111,2
39,111,2
40,111,2
41,111,2
42,111,2
43,111,2
45,111,2
47,111,2
48,111,2
50,111,2
51,111,2
52,111,2
53,111,2
54,111,2
55,111,2
57,111,2
58,111,2
59,111,2
60,111,2
61,111,2
62,111,2
63,111,2
64,111,2
66,111,2
67,111,2
69,111,2
71,111,2
73,111,2
75,111,2
76,111,2
83,111,2
84,111,2
85,111,2
90,111,2
96,111,2
12,111,3
77,111,3
80,111,3
81,111,3
82,111,3
95,111,3
93,111,4
82,82,0
8,82,1
10,82,1
16,82,1
22,82,1
24,82,1
25,82,1
31,82,1
32,82,1
34,82,1
39,82,1
42,82,1
49,82,1
51,82,1
52,82,1
53,82,1
54,82,1
58,82,1
69,82,1
70,82,1
78,82,1
0,82,2
1,82,2
2,82,2
3,82,2
4,82,2
5,82,2
6,82,2
7,82,2
9,82,2
11,82,2
12,82,2
13,82,2
14,82,2
15,82,2
17,82,2
18,82,2
19,82,2
20,82,2
21,82,2
23,82,2
26,82,2
27,82,2
28,82,2
29,82,2
30,82,2
33,82,2
35,82,2
36,82,2
37,82,2
38,82,2
40,82,2
41,82,2
43,82,2
44,82,2
45,82,2
46,82,2
47,82,2
48,82,2
50,82,2
55,82,2
56,82,2
57,82,2
59,82,2
65,82,2
67,82,2
75,82,2
62,82,3
63,82,3
64,82,3
73,82,3
61,82,4
93,93,0
1,93,1
4,93,1
11,93,1
14,93,1
16,93,1
17,93,1
24,93,1
25,93,1
37,93,1
39,93,1
40,93,1
42,93,1
43,93,1
46,93,1
49,93,1
54,93,1
64,93,1
69,93,1
80,93,1
84,93,1
0,93,2
2,93,2
3,93,2
5,93,2
6,93,2
7,93,2
8,93,2
9,93,2
10,93,2
12,93,2
13,93,2
15,93,2
18,93,2
19,93,2
20,93,2
21,93,2
22,93,2
23,93,2
26,93,2
27,93,2
28,93,2
29,93,2
30,93,2
31,93,2
32,93,2
33,93,2
34,93,2
35,93,2
36,93,2
38,93,2
41,93,2
44,93,2
45,93,2
47,93,2
48,93,2
50,93,2
51,93,2
52,93,2
53,93,2
56,93,2
57,93,2
59,93,2
61,93,2
62,93,2
65,93,2
66,93,2
67,93,2
70,93,2
78,93,2
55,93,3
58,93,3
60,93,3
63,93,3
75,93,3
73,93,4
75,75,0
2,75,1
8,75,1
9,75,1
20,75,1
21,75,1
25,75,1
26,75,1
27,75,1
28,75,1
29,75,1
33,75,1
34,75,1
40,75,1
41,75,1
42,75,1
49,75,1
51,75,1
65,75,1
69,75,1
73,75,1
0,75,2
1,75,2
3,75,2
4,75,2
5,75,2
6,75,2
7,75,2
10,75,2
11,75,2
12,75,2
13,75,2
14,75,2
15,75,2
16,75,2
17,75,2
18,75,2
19,75,2
22,75,2
23,75,2
24,75,2
30,75,2
31,75,2
32,75,2
35,75,2
36,75,2
37,75,2
38,75,2
39,75,2
43,75,2
44,75,2
45,75,2
46,75,2
47,75,2
48,75,2
50,75,2
52,75,2
53,75,2
54,75,2
56,75,2
57,75,2
58,75,2
59,75,2
62,75,2
64,75,2
67,75,2
55,75,3
61,75,3
63,75,3
77,77,0
4,77,1
8,77,1
16,77,1
21,77,1
24,77,1
25,77,1
31,77,1
37,77,1
38,77,1
46,77,1
49,77,1
50,77,1
51,77,1
54,77,1
57,77,1
58,77,1
62,77,1
64,77,1
66,77,1
75,77,1
0,77,2
1,77,2
2,77,2
3,77,2
5,77,2
6,77,2
7,77,2
9,77,2
10,77,2
11,77,2
12,77,2
13,77,2
14,77,2
15,77,2
17,77,2
18,77,2
19,77,2
20,77,2
22,77,2
23,77,2
26,77,2
27,77,2
28,77,2
29,77,2
30,77,2
32,77,2
33,77,2
34,77,2
35,77,2
36,77,2
39,77,2
40,77,2
41,77,2
42,77,2
43,77,2
44,77,2
45,77,2
47,77,2
48,77,2
52,77,2
53,77,2
55,77,2
56,77,2
60,77,2
61,77,2
63,77,2
65,77,2
69,77,2
73,77,2
59,77,3
67,77,3
10,10,0
64,64,0
1,64,1
2,64,1
3,64,1
4,64,1
7,64,1
10,64,1
18,64,1
20,64,1
21,64,1
23,64,1
30,64,1
31,64,1
43,64,1
46,64,1
48,64,1
49,64,1
51,64,1
56,64,1
57,64,1
61,64,1
0,64,2
5,64,2
6,64,2
8,64,2
9,64,2
11,64,2
12,64,2
13,64,2
14,64,2
15,64,2
16,64,2
17,64,2
19,64,2
22,64,2
24,64,2
25,64,2
26,64,2
27,64,2
28,64,2
29,64,2
32,64,2
33,64,2
34,64,2
35,64,2
36,64,2
37,64,2
38,64,2
39,64,2
40,64,2
41,64,2
42,64,2
44,64,2
45,64,2
47,64,2
50,64,2
52,64,2
53,64,2
54,64,2
55,64,2
59,64,2
58,64,3
9,9,0
42,42,0
0,42,1
1,42,1
2,42,1
4,42,1
8,42,1
19,42,1
20,42,1
21,42,1
22,42,1
23,42,1
24,42,1
25,42,1
28,42,1
29,42,1
31,42,1
32,42,1
33,42,1
37,42,1
38,42,1
39,42,1
3,42,2
5,42,2
6,42,2
7,42,2
9,42,2
10,42,2
11,42,2
12,42,2
13,42,2
14,42,2
15,42,2
16,42,2
17,42,2
18,42,2
26,42,2
27,42,2
30,42,2
34,42,2
36,42,2
35,42,3
84,84,0
2,84,1
12,84,1
16,84,1
25,84,1
26,84,1
27,84,1
28,84,1
29,84,1
31,84,1
32,84,1
35,84,1
36,84,1
39,84,1
40,84,1
50,84,1
51,84,1
65,84,1
67,84,1
78,84,1
80,84,1
0,84,2
1,84,2
3,84,2
4,84,2
5,84,2
6,84,2
7,84,2
8,84,2
9,84,2
10,84,2
11,84,2
13,84,2
14,84,2
15,84,2
17,84,2
18,84,2
19,84,2
20,84,2
21,84,2
22,84,2
23,84,2
24,84,2
30,84,2
33,84,2
34,84,2
37,84,2
38,84,2
41,84,2
42,84,2
43,84,2
44,84,2
45,84,2
46,84,2
47,84,2
48,84,2
49,84,2
52,84,2
54,84,2
56,84,2
57,84,2
58,84,2
61,84,2
62,84,2
63,84,2
64,84,2
66,84,2
70,84,2
75,84,2
53,84,3
55,84,3
59,84,3
60,84,3
69,84,3
73,84,3
40,40,0
0,40,1
1,40,1
4,40,1
6,40,1
9,40,1
10,40,1
11,40,1
17,40,1
20,40,1
21,40,1
23,40,1
24,40,1
27,40,1
29,40,1
31,40,1
32,40,1
35,40,1
36,40,1
38,40,1
39,40,1
2,40,2
3,40,2
5,40,2
7,40,2
8,40,2
12,40,2
13,40,2
14,40,2
15,40,2
16,40,2
18,40,2
19,40,2
22,40,2
25,40,2
26,40,2
28,40,2
30,40,2
33,40,2
34,40,2
37,40,2
6,6,0
68,68,0
0,68,1
2,68,1
6,68,1
16,68,1
19,68,1
22,68,1
23,68,1
24,68,1
25,68,1
26,68,1
30,68,1
32,68,1
33,68,1
41,68,1
43,68,1
51,68,1
53,68,1
59,68,1
61,68,1
64,68,1
1,68,2
3,68,2
4,68,2
5,68,2
7,68,2
8,68,2
9,68,2
10,68,2
11,68,2
12,68,2
13,68,2
14,68,2
15,68,2
17,68,2
18,68,2
20,68,2
21,68,2
27,68,2
28,68,2
29,68,2
31,68,2
34,68,2
35,68,2
36,68,2
37,68,2
38,68,2
39,68,2
40,68,2
42,68,2
44,68,2
46,68,2
47,68,2
48,68,2
49,68,2
50,68,2
54,68,2
55,68,2
56,68,2
57,68,2
58,68,2
45,68,3
52,68,3
101,101,0
0,101,1
4,101,1
13,101,1
18,101,1
24,101,1
28,101,1
30,101,1
31,101,1
32,101,1
35,101,1
36,101,1
41,101,1
61,101,1
63,101,1
64,101,1
72,101,1
82,101,1
86,101,1
89,101,1
95,101,1
1,101,2
2,101,2
3,101,2
5,101,2
6,101,2
7,101,2
8,101,2
9,101,2
10,101,2
11,101,2
12,101,2
14,101,2
15,101,2
16,101,2
17,101,2
19,101,2
20,101,2
21,101,2
22,101,2
23,101,2
25,101,2
26,101,2
27,101,2
29,101,2
33,101,2
34,101,2
37,101,2
38,101,2
39,101,2
40,101,2
42,101,2
43,101,2
44,101,2
45,101,2
46,101,2
47,101,2
48,101,2
49,101,2
51,101,2
52,101,2
53,101,2
54,101,2
55,101,2
56,101,2
57,101,2
58,101,2
59,101,2
60,101,2
65,101,2
66,101,2
67,101,2
69,101,2
70,101,2
71,101,2
74,101,2
78,101,2
81,101,2
84,101,2
90,101,2
93,101,2
50,101,3
62,101,3
73,101,3
75,101,3
80,101,3
87,101,3
76,101,4
83,101,4
77,101,5
95,95,0
6,95,1
8,95,1
14,95,1
24,95,1
26,95,1
30,95,1
32,95,1
36,95,1
44,95,1
45,95,1
46,95,1
47,95,1
55,95,1
56,95,1
66,95,1
70,95,1
71,95,1
78,95,1
90,95,1
93,95,1
0,95,2
1,95,2
2,95,2
3,95,2
4,95,2
5,95,2
7,95,2
9,95,2
10,95,2
11,95,2
12,95,2
13,95,2
15,95,2
16,95,2
17,95,2
18,95,2
19,95,2
20,95,2
21,95,2
22,95,2
23,95,2
25,95,2
27,95,2
28,95,2
29,95,2
31,95,2
33,95,2
34,95,2
35,95,2
37,95,2
38,95,2
39,95,2
40,95,2
41,95,2
42,95,2
43,95,2
48,95,2
49,95,2
51,95,2
52,95,2
53,95,2
54,95,2
57,95,2
58,95,2
59,95,2
60,95,2
62,95,2
63,95,2
64,95,2
65,95,2
67,95,2
69,95,2
75,95,2
80,95,2
84,95,2
87,95,2
50,95,3
61,95,3
73,95,3
76,95,3
83,95,3
77,95,4
82,95,4
72,72,0
4,72,1
15,72,1
21,72,1
22,72,1
25,72,1
27,72,1
29,72,1
30,72,1
37,72,1
38,72,1
41,72,1
44,72,1
49,72,1
55,72,1
58,72,1
59,72,1
64,72,1
65,72,1
66,72,1
70,72,1
0,72,2
1,72,2
2,72,2
3,72,2
5,72,2
6,72,2
7,72,2
8,72,2
9,72,2
10,72,2
11,72,2
12,72,2
13,72,2
14,72,2
16,72,2
17,72,2
18,72,2
19,72,2
20,72,2
23,72,2
24,72,2
26,72,2
28,72,2
31,72,2
32,72,2
33,72,2
34,72,2
35,72,2
36,72,2
39,72,2
40,72,2
42,72,2
43,72,2
46,72,2
47,72,2
48,72,2
51,72,2
52,72,2
54,72,2
56,72,2
57,72,2
60,72,2
61,72,2
62,72,2
63,72,2
69,72,2
45,72,3
50,72,3
53,72,3
67,72,3
89,89,0
1,89,1
3,89,1
4,89,1
8,89,1
10,89,1
12,89,1
14,89,1
17,89,1
18,89,1
19,89,1
31,89,1
36,89,1
40,89,1
41,89,1
45,89,1
60,89,1
61,89,1
66,89,1
67,89,1
81,89,1
0,89,2
2,89,2
5,89,2
6,89,2
7,89,2
9,89,2
11,89,2
13,89,2
15,89,2
16,89,2
20,89,2
21,89,2
22,89,2
23,89,2
24,89,2
25,89,2
26,89,2
27,89,2
28,89,2
29,89,2
30,89,2
32,89,2
33,89,2
34,89,2
35,89,2
37,89,2
38,89,2
39,89,2
42,89,2
44,89,2
46,89,2
47,89,2
48,89,2
49,89,2
50,89,2
51,89,2
52,89,2
53,89,2
54,89,2
55,89,2
56,89,2
58,89,2
59,89,2
62,89,2
63,89,2
80,89,2
43,89,3
57,89,3
70,89,3
78,89,3
69,89,4
75,89,4
65,89,5
73,89,5
64,89,6
55,55,0
3,55,1
7,55,1
10,55,1
11,55,1
13,55,1
14,55,1
17,55,1
20,55,1
21,55,1
22,55,1
23,55,1
24,55,1
38,55,1
39,55,1
40,55,1
41,55,1
42,55,1
43,55,1
48,55,1
52,55,1
0,55,2
1,55,2
2,55,2
4,55,2
5,55,2
6,55,2
8,55,2
9,55,2
12,55,2
15,55,2
16,55,2
18,55,2
19,55,2
25,55,2
26,55,2
27,55,2
28,55,2
29,55,2
30,55,2
31,55,2
32,55,2
33,55,2
34,55,2
35,55,2
36,55,2
37,55,2
44,55,2
45,55,2
46,55,2
47,55,2
71,71,0
0,71,1
3,71,1
7,71,1
10,71,1
21,71,1
22,71,1
26,71,1
27,71,1
30,71,1
34,71,1
35,71,1
43,71,1
44,71,1
48,71,1
53,71,1
58,71,1
62,71,1
65,71,1
66,71,1
67,71,1
1,71,2
2,71,2
4,71,2
5,71,2
6,71,2
8,71,2
9,71,2
11,71,2
12,71,2
13,71,2
14,71,2
15,71,2
16,71,2
17,71,2
18,71,2
19,71,2
20,71,2
23,71,2
24,71,2
25,71,2
28,71,2
29,71,2
31,71,2
32,71,2
33,71,2
36,71,2
37,71,2
38,71,2
39,71,2
40,71,2
41,71,2
42,71,2
45,71,2
46,71,2
47,71,2
49,71,2
50,71,2
51,71,2
52,71,2
54,71,2
55,71,2
57,71,2
60,71,2
63,71,2
64,71,2
56,71,3
59,71,3
61,71,3
90,90,0
1,90,1
10,90,1
15,90,1
22,90,1
24,90,1
31,90,1
32,90,1
33,90,1
36,90,1
38,90,1
45,90,1
46,90,1
48,90,1
49,90,1
54,90,1
55,90,1
56,90,1
57,90,1
69,90,1
87,90,1
0,90,2
2,90,2
3,90,2
4,90,2
5,90,2
6,90,2
7,90,2
8,90,2
9,90,2
11,90,2
12,90,2
13,90,2
14,90,2
16,90,2
17,90,2
18,90,2
19,90,2
20,90,2
21,90,2
23,90,2
25,90,2
26,90,2
27,90,2
28,90,2
29,90,2
30,90,2
34,90,2
35,90,2
37,90,2
39,90,2
40,90,2
41,90,2
42,90,2
43,90,2
44,90,2
47,90,2
50,90,2
51,90,2
52,90,2
53,90,2
59,90,2
65,90,2
66,90,2
67,90,2
73,90,2
75,90,2
76,90,2
78,90,2
83,90,2
58,90,3
60,90,3
62,90,3
63,90,3
64,90,3
70,90,3
77,90,3
82,90,3
61,90,4
104,104,0
2,104,1
5,104,1
13,104,1
14,104,1
20,104,1
21,104,1
27,104,1
29,104,1
35,104,1
37,104,1
39,104,1
45,104,1
46,104,1
48,104,1
51,104,1
54,104,1
56,104,1
61,104,1
74,104,1
76,104,1
0,104,2
1,104,2
3,104,2
4,104,2
6,104,2
7,104,2
8,104,2
9,104,2
10,104,2
11,104,2
12,104,2
15,104,2
16,104,2
17,104,2
18,104,2
19,104,2
22,104,2
23,104,2
24,104,2
25,104,2
26,104,2
28,104,2
30,104,2
31,104,2
32,104,2
33,104,2
34,104,2
36,104,2
38,104,2
40,104,2
41,104,2
42,104,2
43,104,2
44,104,2
47,104,2
49,104,2
50,104,2
53,104,2
55,104,2
59,104,2
63,104,2
69,104,2
73,104,2
75,104,2
52,104,3
58,104,3
65,104,3
67,104,3
57,104,4
62,104,4
64,104,4
119,119,0
0,119,1
8,119,1
23,119,1
24,119,1
30,119,1
34,119,1
42,119,1
43,119,1
45,119,1
53,119,1
59,119,1
60,119,1
64,119,1
70,119,1
80,119,1
87,119,1
88,119,1
101,119,1
105,119,1
113,119,1
1,119,2
2,119,2
3,119,2
4,119,2
5,119,2
6,119,2
7,119,2
9,119,2
10,119,2
11,119,2
12,119,2
13,119,2
14,119,2
15,119,2
16,119,2
17,119,2
18,119,2
19,119,2
20,119,2
21,119,2
22,119,2
25,119,2
26,119,2
27,119,2
28,119,2
29,119,2
31,119,2
32,119,2
33,119,2
35,119,2
36,119,2
37,119,2
38,119,2
39,119,2
40,119,2
41,119,2
44,119,2
46,119,2
47,119,2
48,119,2
49,119,2
50,119,2
51,119,2
52,119,2
54,119,2
56,119,2
57,119,2
58,119,2
61,119,2
62,119,2
63,119,2
66,119,2
69,119,2
72,119,2
73,119,2
75,119,2
76,119,2
78,119,2
79,119,2
82,119,2
83,119,2
84,119,2
85,119,2
86,119,2
89,119,2
95,119,2
100,119,2
103,119,2
108,119,2
55,119,3
65,119,3
67,119,3
71,119,3
74,119,3
77,119,3
81,119,3
90,119,3
93,119,3
87,87,0
6,87,1
13,87,1
16,87,1
25,87,1
30,87,1
33,87,1
36,87,1
38,87,1
46,87,1
48,87,1
51,87,1
52,87,1
53,87,1
59,87,1
66,87,1
73,87,1
75,87,1
76,87,1
78,87,1
83,87,1
0,87,2
1,87,2
2,87,2
3,87,2
4,87,2
5,87,2
7,87,2
8,87,2
9,87,2
10,87,2
11,87,2
12,87,2
14,87,2
15,87,2
17,87,2
18,87,2
19,87,2
20,87,2
21,87,2
22,87,2
23,87,2
24,87,2
26,87,2
27,87,2
28,87,2
29,87,2
31,87,2
32,87,2
34,87,2
35,87,2
37,87,2
39,87,2
40,87,2
41,87,2
42,87,2
43,87,2
44,87,2
45,87,2
47,87,2
49,87,2
50,87,2
54,87,2
56,87,2
57,87,2
58,87,2
60,87,2
62,87,2
63,87,2
65,87,2
67,87,2
69,87,2
70,87,2
77,87,2
82,87,2
55,87,3
64,87,3
61,87,4
113,113,0
16,113,1
17,113,1
22,113,1
25,113,1
28,113,1
29,113,1
32,113,1
35,113,1
39,113,1
41,113,1
42,113,1
44,113,1
47,113,1
48,113,1
56,113,1
59,113,1
60,113,1
79,113,1
101,113,1
108,113,1
0,113,2
1,113,2
2,113,2
3,113,2
4,113,2
5,113,2
6,113,2
7,113,2
8,113,2
9,113,2
10,113,2
11,113,2
12,113,2
13,113,2
14,113,2
15,113,2
18,113,2
19,113,2
20,113,2
21,113,2
23,113,2
24,113,2
26,113,2
27,113,2
30,113,2
31,113,2
33,113,2
34,113,2
36,113,2
37,113,2
38,113,2
43,113,2
45,113,2
46,113,2
50,113,2
51,113,2
52,113,2
53,113,2
54,113,2
58,113,2
61,113,2
63,113,2
64,113,2
67,113,2
72,113,2
73,113,2
76,113,2
82,113,2
83,113,2
85,113,2
86,113,2
89,113,2
95,113,2
100,113,2
40,113,3
49,113,3
55,113,3
57,113,3
62,113,3
65,113,3
66,113,3
69,113,3
70,113,3
71,113,3
74,113,3
75,113,3
77,113,3
78,113,3
81,113,3
84,113,3
90,113,3
93,113,3
80,113,4
87,113,4
105,105,0
19,105,1
20,105,1
24,105,1
25,105,1
26,105,1
28,105,1
30,105,1
34,105,1
35,105,1
36,105,1
38,105,1
44,105,1
46,105,1
54,105,1
70,105,1
75,105,1
76,105,1
78,105,1
100,105,1
103,105,1
0,105,2
1,105,2
2,105,2
3,105,2
4,105,2
5,105,2
6,105,2
7,105,2
8,105,2
9,105,2
10,105,2
11,105,2
12,105,2
13,105,2
14,105,2
15,105,2
16,105,2
17,105,2
18,105,2
21,105,2
22,105,2
23,105,2
27,105,2
29,105,2
31,105,2
32,105,2
33,105,2
37,105,2
39,105,2
40,105,2
41,105,2
42,105,2
43,105,2
45,105,2
49,105,2
50,105,2
51,105,2
52,105,2
53,105,2
55,105,2
56,105,2
57,105,2
58,105,2
59,105,2
62,105,2
63,105,2
65,105,2
67,105,2
69,105,2
73,105,2
77,105,2
47,105,3
48,105,3
64,105,3
66,105,3
60,105,4
61,105,4
88,88,0
0,88,1
8,88,1
19,88,1
21,88,1
25,88,1
28,88,1
29,88,1
37,88,1
39,88,1
46,88,1
47,88,1
48,88,1
50,88,1
51,88,1
54,88,1
59,88,1
62,88,1
66,88,1
84,88,1
85,88,1
1,88,2
2,88,2
3,88,2
4,88,2
5,88,2
6,88,2
7,88,2
9,88,2
10,88,2
11,88,2
12,88,2
13,88,2
14,88,2
15,88,2
16,88,2
17,88,2
18,88,2
20,88,2
22,88,2
23,88,2
24,88,2
26,88,2
27,88,2
30,88,2
31,88,2
32,88,2
33,88,2
34,88,2
35,88,2
36,88,2
38,88,2
40,88,2
41,88,2
42,88,2
43,88,2
44,88,2
45,88,2
49,88,2
52,88,2
53,88,2
56,88,2
57,88,2
58,88,2
60,88,2
63,88,2
65,88,2
67,88,2
70,88,2
74,88,2
75,88,2
76,88,2
78,88,2
80,88,2
81,88,2
55,88,3
61,88,3
64,88,3
69,88,3
73,88,3
107,107,0
5,107,1
6,107,1
7,107,1
15,107,1
21,107,1
23,107,1
24,107,1
29,107,1
31,107,1
34,107,1
40,107,1
46,107,1
49,107,1
51,107,1
61,107,1
63,107,1
64,107,1
88,107,1
89,107,1
103,107,1
0,107,2
1,107,2
2,107,2
3,107,2
4,107,2
8,107,2
9,107,2
10,107,2
11,107,2
12,107,2
13,107,2
14,107,2
16,107,2
17,107,2
18,107,2
19,107,2
20,107,2
22,107,2
25,107,2
26,107,2
27,107,2
28,107,2
30,107,2
32,107,2
33,107,2
35,107,2
36,107,2
37,107,2
38,107,2
39,107,2
41,107,2
42,107,2
43,107,2
44,107,2
45,107,2
47,107,2
48,107,2
50,107,2
52,107,2
54,107,2
55,107,2
56,107,2
57,107,2
59,107,2
60,107,2
62,107,2
66,107,2
67,107,2
73,107,2
77,107,2
81,107,2
84,107,2
85,107,2
53,107,3
58,107,3
65,107,3
69,107,3
70,107,3
74,107,3
75,107,3
76,107,3
78,107,3
80,107,3
103,103,0
5,103,1
12,103,1
15,103,1
17,103,1
18,103,1
19,103,1
20,103,1
21,103,1
22,103,1
23,103,1
25,103,1
26,103,1
28,103,1
29,103,1
32,103,1
38,103,1
50,103,1
63,103,1
73,103,1
77,103,1
0,103,2
1,103,2
2,103,2
3,103,2
4,103,2
6,103,2
7,103,2
8,103,2
9,103,2
10,103,2
11,103,2
13,103,2
14,103,2
16,103,2
24,103,2
27,103,2
30,103,2
31,103,2
34,103,2
36,103,2
37,103,2
39,103,2
40,103,2
41,103,2
42,103,2
44,103,2
45,103,2
46,103,2
47,103,2
48,103,2
49,103,2
51,103,2
52,103,2
53,103,2
54,103,2
55,103,2
57,103,2
58,103,2
62,103,2
64,103,2
65,103,2
66,103,2
67,103,2
69,103,2
75,103,2
33,103,3
35,103,3
43,103,3
56,103,3
59,103,3
60,103,3
61,103,3
117,117,0
0,117,1
3,117,1
5,117,1
11,117,1
23,117,1
24,117,1
29,117,1
36,117,1
39,117,1
40,117,1
52,117,1
56,117,1
67,117,1
89,117,1
90,117,1
99,117,1
101,117,1
104,117,1
105,117,1
108,117,1
1,117,2
2,117,2
4,117,2
6,117,2
7,117,2
8,117,2
9,117,2
10,117,2
12,117,2
13,117,2
14,117,2
15,117,2
16,117,2
17,117,2
18,117,2
19,117,2
20,117,2
21,117,2
22,117,2
25,117,2
26,117,2
27,117,2
28,117,2
30,117,2
31,117,2
32,117,2
33,117,2
34,117,2
35,117,2
37,117,2
38,117,2
41,117,2
42,117,2
43,117,2
44,117,2
45,117,2
46,117,2
47,117,2
48,117,2
49,117,2
51,117,2
54,117,2
55,117,2
57,117,2
58,117,2
60,117,2
61,117,2
63,117,2
64,117,2
66,117,2
69,117,2
70,117,2
71,117,2
72,117,2
74,117,2
75,117,2
76,117,2
78,117,2
81,117,2
82,117,2
83,117,2
85,117,2
86,117,2
87,117,2
95,117,2
96,117,2
100,117,2
103,117,2
50,117,3
53,117,3
59,117,3
62,117,3
65,117,3
73,117,3
77,117,3
80,117,3
84,117,3
93,117,3
108,108,0
8,108,1
16,108,1
20,108,1
26,108,1
27,108,1
34,108,1
39,108,1
46,108,1
52,108,1
58,108,1
61,108,1
63,108,1
64,108,1
67,108,1
76,108,1
82,108,1
83,108,1
85,108,1
86,108,1
100,108,1
0,108,2
1,108,2
2,108,2
3,108,2
4,108,2
5,108,2
6,108,2
7,108,2
9,108,2
10,108,2
11,108,2
12,108,2
13,108,2
14,108,2
15,108,2
17,108,2
18,108,2
19,108,2
21,108,2
22,108,2
23,108,2
24,108,2
25,108,2
28,108,2
29,108,2
30,108,2
31,108,2
32,108,2
33,108,2
35,108,2
36,108,2
37,108,2
38,108,2
40,108,2
41,108,2
42,108,2
43,108,2
44,108,2
45,108,2
47,108,2
48,108,2
49,108,2
50,108,2
51,108,2
53,108,2
54,108,2
55,108,2
56,108,2
57,108,2
59,108,2
60,108,2
62,108,2
66,108,2
69,108,2
70,108,2
73,108,2
74,108,2
75,108,2
77,108,2
78,108,2
81,108,2
84,108,2
65,108,3
80,108,3
99,99,0
0,99,1
3,99,1
19,99,1
20,99,1
25,99,1
27,99,1
28,99,1
30,99,1
35,99,1
37,99,1
42,99,1
47,99,1
51,99,1
55,99,1
60,99,1
63,99,1
70,99,1
71,99,1
90,99,1
96,99,1
1,99,2
2,99,2
4,99,2
5,99,2
6,99,2
7,99,2
8,99,2
9,99,2
10,99,2
11,99,2
12,99,2
13,99,2
14,99,2
15,99,2
16,99,2
17,99,2
18,99,2
21,99,2
22,99,2
23,99,2
24,99,2
26,99,2
29,99,2
31,99,2
32,99,2
33,99,2
34,99,2
36,99,2
38,99,2
39,99,2
40,99,2
41,99,2
43,99,2
44,99,2
45,99,2
46,99,2
48,99,2
49,99,2
50,99,2
52,99,2
53,99,2
54,99,2
56,99,2
57,99,2
58,99,2
59,99,2
62,99,2
65,99,2
66,99,2
67,99,2
69,99,2
76,99,2
78,99,2
81,99,2
87,99,2
95,99,2
64,99,3
73,99,3
75,99,3
80,99,3
83,99,3
93,99,3
61,99,4
77,99,4
82,99,4
84,99,4
116,116,0
6,116,1
15,116,1
20,116,1
28,116,1
31,116,1
32,116,1
34,116,1
37,116,1
39,116,1
41,116,1
43,116,1
44,116,1
51,116,1
58,116,1
78,116,1
90,116,1
91,116,1
98,116,1
106,116,1
111,116,1
0,116,2
1,116,2
2,116,2
3,116,2
4,116,2
5,116,2
7,116,2
8,116,2
9,116,2
10,116,2
11,116,2
12,116,2
13,116,2
14,116,2
16,116,2
17,116,2
18,116,2
19,116,2
21,116,2
22,116,2
23,116,2
24,116,2
25,116,2
26,116,2
27,116,2
29,116,2
30,116,2
33,116,2
35,116,2
36,116,2
38,116,2
40,116,2
42,116,2
45,116,2
46,116,2
47,116,2
48,116,2
49,116,2
50,116,2
52,116,2
54,116,2
55,116,2
56,116,2
57,116,2
59,116,2
60,116,2
62,116,2
63,116,2
64,116,2
65,116,2
67,116,2
69,116,2
70,116,2
74,116,2
75,116,2
76,116,2
77,116,2
79,116,2
80,116,2
84,116,2
87,116,2
88,116,2
92,116,2
97,116,2
99,116,2
100,116,2
104,116,2
105,116,2
53,116,3
61,116,3
66,116,3
68,116,3
71,116,3
73,116,3
83,116,3
85,116,3
86,116,3
96,116,3
103,116,3
81,116,4
82,116,4
95,116,4
93,116,5
98,98,0
7,98,1
10,98,1
14,98,1
19,98,1
21,98,1
24,98,1
25,98,1
26,98,1
27,98,1
31,98,1
38,98,1
46,98,1
59,98,1
62,98,1
63,98,1
64,98,1
76,98,1
77,98,1
92,98,1
97,98,1
0,98,2
1,98,2
2,98,2
3,98,2
4,98,2
5,98,2
6,98,2
8,98,2
9,98,2
11,98,2
12,98,2
13,98,2
15,98,2
16,98,2
17,98,2
18,98,2
20,98,2
22,98,2
23,98,2
28,98,2
29,98,2
30,98,2
32,98,2
33,98,2
34,98,2
35,98,2
36,98,2
37,98,2
39,98,2
40,98,2
41,98,2
42,98,2
43,98,2
44,98,2
48,98,2
49,98,2
50,98,2
51,98,2
52,98,2
53,98,2
54,98,2
55,98,2
56,98,2
57,98,2
58,98,2
60,98,2
61,98,2
66,98,2
68,98,2
69,98,2
70,98,2
73,98,2
75,98,2
84,98,2
85,98,2
86,98,2
90,98,2
45,98,3
47,98,3
65,98,3
67,98,3
74,98,3
78,98,3
80,98,3
81,98,3
82,98,3
87,98,3
83,98,4
106,106,0
0,106,1
18,106,1
20,106,1
21,106,1
24,106,1
30,106,1
31,106,1
33,106,1
35,106,1
41,106,1
42,106,1
47,106,1
49,106,1
56,106,1
57,106,1
60,106,1
80,106,1
84,106,1
97,106,1
105,106,1
1,106,2
2,106,2
3,106,2
4,106,2
5,106,2
6,106,2
7,106,2
8,106,2
9,106,2
10,106,2
11,106,2
12,106,2
13,106,2
14,106,2
15,106,2
16,106,2
17,106,2
19,106,2
22,106,2
23,106,2
25,106,2
26,106,2
27,106,2
28,106,2
29,106,2
32,106,2
34,106,2
36,106,2
37,106,2
38,106,2
39,106,2
40,106,2
43,106,2
44,106,2
45,106,2
46,106,2
48,106,2
50,106,2
51,106,2
52,106,2
53,106,2
54,106,2
58,106,2
59,106,2
61,106,2
62,106,2
65,106,2
66,106,2
67,106,2
70,106,2
73,106,2
75,106,2
76,106,2
78,106,2
85,106,2
86,106,2
100,106,2
103,106,2
55,106,3
63,106,3
64,106,3
69,106,3
74,106,3
77,106,3
81,106,3
82,106,3
91,91,0
2,91,1
4,91,1
5,91,1
6,91,1
7,91,1
11,91,1
16,91,1
17,91,1
21,91,1
24,91,1
26,91,1
27,91,1
30,91,1
38,91,1
41,91,1
47,91,1
52,91,1
75,91,1
76,91,1
87,91,1
0,91,2
1,91,2
3,91,2
8,91,2
9,91,2
10,91,2
12,91,2
13,91,2
14,91,2
15,91,2
18,91,2
19,91,2
20,91,2
22,91,2
23,91,2
25,91,2
28,91,2
29,91,2
31,91,2
32,91,2
33,91,2
34,91,2
35,91,2
36,91,2
37,91,2
39,91,2
40,91,2
42,91,2
43,91,2
44,91,2
45,91,2
46,91,2
48,91,2
49,91,2
50,91,2
51,91,2
53,91,2
54,91,2
56,91,2
59,91,2
63,91,2
65,91,2
66,91,2
69,91,2
73,91,2
78,91,2
83,91,2
55,91,3
57,91,3
58,91,3
60,91,3
62,91,3
64,91,3
67,91,3
70,91,3
77,91,3
82,91,3
61,91,4
83,83,0
0,83,1
2,83,1
8,83,1
15,83,1
18,83,1
29,83,1
30,83,1
35,83,1
37,83,1
38,83,1
39,83,1
42,83,1
43,83,1
54,83,1
58,83,1
70,83,1
73,83,1
75,83,1
77,83,1
82,83,1
1,83,2
3,83,2
4,83,2
5,83,2
6,83,2
7,83,2
9,83,2
10,83,2
11,83,2
12,83,2
14,83,2
16,83,2
17,83,2
19,83,2
20,83,2
21,83,2
22,83,2
23,83,2
24,83,2
25,83,2
26,83,2
27,83,2
28,83,2
31,83,2
32,83,2
33,83,2
34,83,2
36,83,2
40,83,2
41,83,2
44,83,2
45,83,2
46,83,2
48,83,2
49,83,2
50,83,2
51,83,2
52,83,2
53,83,2
55,83,2
57,83,2
59,83,2
62,83,2
64,83,2
65,83,2
66,83,2
67,83,2
69,83,2
78,83,2
13,83,3
47,83,3
56,83,3
60,83,3
61,83,3
63,83,3
73,73,0
3,73,1
5,73,1
8,73,1
15,73,1
19,73,1
21,73,1
24,73,1
29,73,1
36,73,1
38,73,1
40,73,1
42,73,1
44,73,1
45,73,1
48,73,1
53,73,1
58,73,1
65,73,1
67,73,1
69,73,1
0,73,2
1,73,2
2,73,2
4,73,2
6,73,2
7,73,2
9,73,2
10,73,2
11,73,2
12,73,2
13,73,2
14,73,2
16,73,2
17,73,2
18,73,2
20,73,2
22,73,2
23,73,2
25,73,2
26,73,2
27,73,2
28,73,2
30,73,2
31,73,2
32,73,2
33,73,2
34,73,2
35,73,2
37,73,2
39,73,2
41,73,2
43,73,2
46,73,2
47,73,2
49,73,2
50,73,2
51,73,2
52,73,2
54,73,2
55,73,2
56,73,2
57,73,2
59,73,2
62,73,2
63,73,2
64,73,2
61,73,3
115,115,0
3,115,1
8,115,1
11,115,1
19,115,1
20,115,1
21,115,1
29,115,1
31,115,1
33,115,1
37,115,1
39,115,1
52,115,1
56,115,1
69,115,1
73,115,1
76,115,1
86,115,1
96,115,1
99,115,1
105,115,1
0,115,2
1,115,2
2,115,2
4,115,2
5,115,2
6,115,2
7,115,2
9,115,2
10,115,2
12,115,2
13,115,2
14,115,2
15,115,2
16,115,2
17,115,2
18,115,2
22,115,2
23,115,2
24,115,2
25,115,2
26,115,2
27,115,2
28,115,2
30,115,2
32,115,2
34,115,2
35,115,2
36,115,2
38,115,2
40,115,2
41,115,2
42,115,2
43,115,2
44,115,2
45,115,2
46,115,2
47,115,2
48,115,2
49,115,2
50,115,2
51,115,2
53,115,2
54,115,2
55,115,2
58,115,2
59,115,2
60,115,2
63,115,2
64,115,2
65,115,2
66,115,2
67,115,2
70,115,2
71,115,2
74,115,2
75,115,2
78,115,2
81,115,2
82,115,2
84,115,2
90,115,2
95,115,2
100,115,2
103,115,2
57,115,3
61,115,3
62,115,3
77,115,3
80,115,3
87,115,3
93,115,3
83,115,4
96,96,0
1,96,1
7,96,1
15,96,1
20,96,1
21,96,1
22,96,1
23,96,1
30,96,1
31,96,1
32,96,1
33,96,1
34,96,1
36,96,1
40,96,1
43,96,1
65,96,1
76,96,1
78,96,1
81,96,1
95,96,1
0,96,2
2,96,2
3,96,2
4,96,2
5,96,2
6,96,2
8,96,2
9,96,2
10,96,2
11,96,2
12,96,2
13,96,2
14,96,2
16,96,2
17,96,2
18,96,2
19,96,2
24,96,2
25,96,2
26,96,2
27,96,2
28,96,2
29,96,2
35,96,2
37,96,2
38,96,2
39,96,2
41,96,2
42,96,2
44,96,2
45,96,2
46,96,2
47,96,2
48,96,2
49,96,2
50,96,2
52,96,2
54,96,2
55,96,2
56,96,2
57,96,2
58,96,2
60,96,2
62,96,2
63,96,2
64,96,2
66,96,2
67,96,2
69,96,2
70,96,2
71,96,2
75,96,2
80,96,2
90,96,2
93,96,2
51,96,3
53,96,3
59,96,3
61,96,3
73,96,3
84,96,3
87,96,3
83,96,4
77,96,5
82,96,5
97,97,0
3,97,1
6,97,1
15,97,1
21,97,1
25,97,1
27,97,1
31,97,1
32,97,1
33,97,1
36,97,1
38,97,1
53,97,1
58,97,1
59,97,1
60,97,1
61,97,1
70,97,1
73,97,1
85,97,1
86,97,1
0,97,2
1,97,2
2,97,2
4,97,2
5,97,2
7,97,2
8,97,2
9,97,2
10,97,2
11,97,2
12,97,2
13,97,2
14,97,2
16,97,2
17,97,2
18,97,2
19,97,2
20,97,2
22,97,2
23,97,2
24,97,2
26,97,2
28,97,2
29,97,2
30,97,2
34,97,2
35,97,2
37,97,2
39,97,2
40,97,2
41,97,2
42,97,2
43,97,2
44,97,2
45,97,2
46,97,2
47,97,2
48,97,2
50,97,2
51,97,2
52,97,2
54,97,2
55,97,2
56,97,2
62,97,2
63,97,2
64,97,2
65,97,2
66,97,2
67,97,2
69,97,2
74,97,2
75,97,2
76,97,2
78,97,2
81,97,2
82,97,2
84,97,2
49,97,3
57,97,3
80,97,3
100,100,0
0,100,1
8,100,1
10,100,1
14,100,1
15,100,1
17,100,1
19,100,1
20,100,1
25,100,1
27,100,1
28,100,1
30,100,1
32,100,1
41,100,1
46,100,1
52,100,1
55,100,1
58,100,1
62,100,1
73,100,1
1,100,2
2,100,2
3,100,2
4,100,2
5,100,2
6,100,2
7,100,2
9,100,2
11,100,2
12,100,2
13,100,2
16,100,2
18,100,2
21,100,2
22,100,2
23,100,2
24,100,2
26,100,2
29,100,2
31,100,2
33,100,2
34,100,2
35,100,2
36,100,2
37,100,2
38,100,2
39,100,2
40,100,2
42,100,2
43,100,2
44,100,2
45,100,2
48,100,2
49,100,2
53,100,2
54,100,2
57,100,2
65,100,2
67,100,2
69,100,2
47,100,3
50,100,3
51,100,3
56,100,3
59,100,3
63,100,3
64,100,3
61,100,4
92,92,0
4,92,1
7,92,1
11,92,1
13,92,1
19,92,1
20,92,1
22,92,1
23,92,1
35,92,1
36,92,1
51,92,1
55,92,1
58,92,1
62,92,1
64,92,1
66,92,1
68,92,1
75,92,1
84,92,1
90,92,1
0,92,2
1,92,2
2,92,2
3,92,2
5,92,2
6,92,2
8,92,2
9,92,2
10,92,2
12,92,2
14,92,2
15,92,2
16,92,2
17,92,2
18,92,2
21,92,2
24,92,2
25,92,2
26,92,2
27,92,2
28,92,2
29,92,2
30,92,2
31,92,2
32,92,2
33,92,2
34,92,2
37,92,2
38,92,2
39,92,2
40,92,2
41,92,2
42,92,2
43,92,2
44,92,2
45,92,2
46,92,2
47,92,2
48,92,2
49,92,2
50,92,2
52,92,2
53,92,2
54,92,2
56,92,2
57,92,2
59,92,2
60,92,2
61,92,2
63,92,2
65,92,2
67,92,2
69,92,2
73,92,2
78,92,2
80,92,2
87,92,2
70,92,3
76,92,3
83,92,3
77,92,4
82,92,4
79,79,0
2,79,1
7,79,1
10,79,1
20,79,1
24,79,1
26,79,1
27,79,1
28,79,1
32,79,1
35,79,1
36,79,1
41,79,1
42,79,1
44,79,1
51,79,1
52,79,1
56,79,1
61,79,1
73,79,1
76,79,1
0,79,2
1,79,2
3,79,2
4,79,2
5,79,2
6,79,2
8,79,2
9,79,2
11,79,2
12,79,2
13,79,2
14,79,2
15,79,2
16,79,2
17,79,2
18,79,2
19,79,2
21,79,2
22,79,2
23,79,2
25,79,2
29,79,2
30,79,2
31,79,2
33,79,2
34,79,2
37,79,2
38,79,2
39,79,2
40,79,2
43,79,2
45,79,2
46,79,2
47,79,2
48,79,2
49,79,2
50,79,2
53,79,2
54,79,2
55,79,2
58,79,2
59,79,2
63,79,2
65,79,2
67,79,2
69,79,2
75,79,2
57,79,3
62,79,3
64,79,3
114,114,0
10,114,1
11,114,1
17,114,1
23,114,1
24,114,1
25,114,1
28,114,1
31,114,1
35,114,1
42,114,1
46,114,1
56,114,1
62,114,1
63,114,1
66,114,1
71,114,1
76,114,1
83,114,1
85,114,1
112,114,1
0,114,2
1,114,2
2,114,2
3,114,2
4,114,2
5,114,2
6,114,2
7,114,2
8,114,2
9,114,2
12,114,2
13,114,2
14,114,2
15,114,2
16,114,2
18,114,2
19,114,2
20,114,2
21,114,2
22,114,2
26,114,2
27,114,2
29,114,2
30,114,2
32,114,2
33,114,2
34,114,2
36,114,2
37,114,2
38,114,2
39,114,2
40,114,2
41,114,2
43,114,2
44,114,2
47,114,2
48,114,2
49,114,2
50,114,2
51,114,2
52,114,2
53,114,2
54,114,2
55,114,2
57,114,2
58,114,2
59,114,2
60,114,2
61,114,2
65,114,2
67,114,2
69,114,2
70,114,2
73,114,2
74,114,2
75,114,2
77,114,2
78,114,2
81,114,2
82,114,2
86,114,2
93,114,2
94,114,2
102,114,2
111,114,2
45,114,3
64,114,3
68,114,3
79,114,3
80,114,3
84,114,3
87,114,3
88,114,3
99,114,3
100,114,3
104,114,3
90,114,4
96,114,4
95,114,5
109,109,0
1,109,1
6,109,1
15,109,1
19,109,1
20,109,1
24,109,1
36,109,1
45,109,1
48,109,1
49,109,1
51,109,1
55,109,1
58,109,1
62,109,1
63,109,1
72,109,1
73,109,1
75,109,1
86,109,1
99,109,1
0,109,2
2,109,2
3,109,2
4,109,2
5,109,2
7,109,2
8,109,2
9,109,2
10,109,2
11,109,2
12,109,2
13,109,2
14,109,2
16,109,2
17,109,2
18,109,2
21,109,2
22,109,2
23,109,2
25,109,2
26,109,2
27,109,2
28,109,2
29,109,2
30,109,2
31,109,2
32,109,2
33,109,2
34,109,2
35,109,2
37,109,2
38,109,2
39,109,2
40,109,2
41,109,2
42,109,2
43,109,2
44,109,2
46,109,2
47,109,2
50,109,2
52,109,2
53,109,2
54,109,2
57,109,2
59,109,2
60,109,2
64,109,2
65,109,2
66,109,2
67,109,2
69,109,2
70,109,2
71,109,2
74,109,2
82,109,2
84,109,2
90,109,2
96,109,2
56,109,3
61,109,3
76,109,3
78,109,3
80,109,3
81,109,3
87,109,3
95,109,3
83,109,4
93,109,4
77,109,5
118,118,0
23,118,1
25,118,1
31,118,1
39,118,1
42,118,1
46,118,1
47,118,1
50,118,1
56,118,1
58,118,1
70,118,1
73,118,1
79,118,1
83,118,1
84,118,1
86,118,1
98,118,1
99,118,1
111,118,1
0,118,2
1,118,2
2,118,2
3,118,2
4,118,2
5,118,2
6,118,2
7,118,2
8,118,2
9,118,2
10,118,2
11,118,2
12,118,2
13,118,2
14,118,2
15,118,2
16,118,2
17,118,2
18,118,2
19,118,2
20,118,2
21,118,2
22,118,2
24,118,2
26,118,2
27,118,2
28,118,2
29,118,2
30,118,2
32,118,2
33,118,2
34,118,2
35,118,2
36,118,2
37,118,2
38,118,2
40,118,2
41,118,2
43,118,2
44,118,2
45,118,2
48,118,2
49,118,2
51,118,2
52,118,2
53,118,2
54,118,2
55,118,2
59,118,2
60,118,2
61,118,2
62,118,2
63,118,2
64,118,2
65,118,2
66,118,2
67,118,2
69,118,2
71,118,2
74,118,2
75,118,2
76,118,2
77,118,2
78,118,2
80,118,2
82,118,2
87,118,2
88,118,2
90,118,2
92,118,2
96,118,2
97,118,2
100,118,2
104,118,2
57,118,3
68,118,3
81,118,3
85,118,3
95,118,3
93,118,4
110,110,0
15,110,1
21,110,1
25,110,1
27,110,1
33,110,1
35,110,1
36,110,1
37,110,1
42,110,1
43,110,1
47,110,1
51,110,1
58,110,1
65,110,1
75,110,1
80,110,1
81,110,1
92,110,1
103,110,1
108,110,1
0,110,2
1,110,2
2,110,2
3,110,2
4,110,2
5,110,2
6,110,2
7,110,2
8,110,2
9,110,2
10,110,2
11,110,2
12,110,2
13,110,2
14,110,2
16,110,2
17,110,2
18,110,2
19,110,2
20,110,2
22,110,2
23,110,2
24,110,2
26,110,2
28,110,2
29,110,2
30,110,2
31,110,2
32,110,2
34,110,2
38,110,2
39,110,2
40,110,2
41,110,2
44,110,2
45,110,2
46,110,2
48,110,2
49,110,2
50,110,2
52,110,2
54,110,2
55,110,2
56,110,2
57,110,2
60,110,2
61,110,2
62,110,2
63,110,2
64,110,2
66,110,2
67,110,2
68,110,2
69,110,2
70,110,2
73,110,2
76,110,2
77,110,2
78,110,2
82,110,2
83,110,2
84,110,2
85,110,2
86,110,2
90,110,2
100,110,2
53,110,3
59,110,3
74,110,3
87,110,3
