-1,0,41,8,1
-1,0,21,12,1
-1,0,93,23,1
-1,0,41,31,1
-1,0,77,35,1
-1,0,25,14,1
-1,0,65,106,1
-1,0,21,26,1
0,1,112,73,1
0,1,91,0,1
0,1,67,30,1
0,1,118,86,1
0,1,102,99,1
0,1,81,30,1
0,1,29,85,1
0,1,38,100,1
1,2,55,38,1
1,2,64,30,1
1,2,107,0,1
1,2,74,59,1
1,2,43,37,1
1,2,52,30,1
1,2,9,41,1
1,2,28,40,1
2,3,35,28,1
2,3,34,21,1
2,3,80,38,1
2,3,56,32,1
2,3,117,113,1
2,3,116,44,1
2,3,63,84,1
2,3,20,46,1
3,4,104,82,1
3,4,45,25,1
3,4,36,13,1
3,4,64,18,1
3,4,25,22,1
3,4,22,17,1
3,4,47,83,1
3,4,2,33,1
4,5,52,27,1
4,5,39,1,1
4,5,93,34,1
4,5,56,22,1
4,5,41,15,1
4,5,72,17,1
4,5,23,63,1
4,5,27,32,1
5,6,25,22,1
5,6,99,98,1
5,6,65,55,1
5,6,21,4,1
5,6,38,16,1
5,6,32,16,1
5,6,1,70,1
5,6,38,51,1
6,7,25,22,1
6,7,80,38,1
6,7,87,18,1
6,7,22,15,1
6,7,104,29,1
6,7,99,82,1
6,7,20,73,1
6,7,38,65,1
7,8,48,20,1
7,8,47,0,1
7,8,26,9,1
7,8,43,26,1
7,8,82,23,1
7,8,26,21,1
7,8,44,49,1
7,8,41,88,1
8,9,51,41,1
8,9,32,16,1
8,9,38,29,1
8,9,59,8,1
8,9,37,7,1
8,9,46,0,1
8,9,0,49,1
8,9,22,36,1
9,10,45,40,1
9,10,21,14,1
9,10,102,40,1
9,10,87,22,1
9,10,72,17,1
9,10,64,52,1
9,10,48,91,1
9,10,13,21,1
10,11,110,20,1
10,11,95,5,1
10,11,107,76,1
10,11,31,30,1
10,11,83,25,1
10,11,57,20,1
10,11,34,73,1
10,11,22,33,1
11,12,111,104,1
11,12,79,64,1
11,12,83,10,1
11,12,68,42,1
11,12,28,16,1
11,12,101,57,1
11,12,34,84,1
11,12,1,50,1
12,13,95,27,1
12,13,71,53,1
12,13,30,12,1
12,13,46,15,1
12,13,100,60,1
12,13,77,28,1
12,13,3,38,1
12,13,14,53,1
13,14,118,86,1
13,14,85,49,1
13,14,46,9,1
13,14,44,21,1
13,14,34,21,1
13,14,105,31,1
13,14,22,75,1
13,14,26,67,1
14,15,93,43,1
14,15,99,32,1
14,15,56,42,1
14,15,75,22,1
14,15,117,61,1
14,15,75,39,1
14,15,20,101,1
14,15,44,63,1
15,16,34,28,1
15,16,93,9,1
15,16,38,34,1
15,16,67,43,1
15,16,43,37,1
15,16,33,2,1
15,16,30,67,1
15,16,35,110,1
16,17,46,32,1
16,17,53,14,1
16,17,78,49,1
16,17,98,48,1
16,17,22,3,1
16,17,49,22,1
16,17,0,16,1
16,17,23,62,1
17,18,51,20,1
17,18,67,18,1
17,18,86,29,1
17,18,27,21,1
17,18,98,44,1
17,18,63,20,1
17,18,26,53,1
17,18,30,54,1
18,19,51,38,1
18,19,118,92,1
18,19,117,115,1
18,19,82,72,1
18,19,45,5,1
18,19,29,16,1
18,19,26,83,1
18,19,23,116,1
19,20,102,42,1
19,20,29,4,1
19,20,47,29,1
19,20,61,9,1
19,20,98,40,1
19,20,85,81,1
19,20,9,25,1
19,20,31,49,1
20,21,110,35,1
20,21,48,28,1
20,21,66,0,1
20,21,47,46,1
20,21,75,19,1
20,21,35,27,1
20,21,31,62,1
20,21,32,47,1
21,22,114,67,1
21,22,80,53,1
21,22,115,80,1
21,22,92,35,1
21,22,111,42,1
21,22,96,43,1
21,22,24,61,1
21,22,27,68,1
22,23,56,46,1
22,23,45,29,1
22,23,77,29,1
22,23,116,26,1
22,23,36,26,1
22,23,90,41,1
22,23,18,97,1
22,23,29,60,1
23,24,37,18,1
23,24,106,24,1
23,24,69,30,1
23,24,87,23,1
23,24,117,112,1
23,24,81,22,1
23,24,11,27,1
23,24,39,81,1
24,25,87,61,1
24,25,57,26,1
24,25,98,41,1
24,25,109,19,1
24,25,75,38,1
24,25,25,7,1
24,25,21,116,1
24,25,1,62,1
25,26,103,39,1
25,26,42,14,1
25,26,109,81,1
25,26,111,46,1
25,26,62,41,1
25,26,48,11,1
25,26,49,62,1
25,26,5,63,1
26,27,36,1,1
26,27,79,9,1
26,27,68,12,1
26,27,57,54,1
26,27,32,25,1
26,27,85,47,1
26,27,30,76,1
26,27,32,114,1
27,28,36,32,1
27,28,62,10,1
27,28,59,58,1
27,28,86,58,1
27,28,41,2,1
27,28,68,32,1
27,28,24,31,1
27,28,35,72,1
28,29,105,32,1
28,29,102,86,1
28,29,43,25,1
28,29,25,4,1
28,29,28,23,1
28,29,34,21,1
28,29,68,114,1
28,29,81,111,1
29,30,108,8,1
29,30,14,0,1
29,30,92,35,1
29,30,72,32,1
29,30,68,10,1
29,30,117,74,1
29,30,13,44,1
29,30,29,56,1
30,31,98,16,1
30,31,63,4,1
30,31,109,71,1
30,31,45,20,1
30,31,101,88,1
30,31,105,90,1
30,31,20,23,1
30,31,34,65,1
31,32,38,36,1
31,32,99,6,1
31,32,91,7,1
31,32,27,26,1
31,32,92,6,1
31,32,46,8,1
31,32,19,101,1
31,32,0,32,1
32,33,32,18,1
32,33,27,25,1
32,33,98,21,1
32,33,49,21,1
32,33,88,21,1
32,33,96,26,1
32,33,22,107,1
32,33,58,110,1
33,34,46,36,1
33,34,83,33,1
33,34,81,54,1
33,34,38,24,1
33,34,53,32,1
33,34,117,64,1
33,34,44,107,1
33,34,26,110,1
34,35,54,9,1
34,35,76,67,1
34,35,21,9,1
34,35,108,93,1
34,35,57,26,1
34,35,28,24,1
34,35,10,38,1
34,35,3,28,1
35,36,52,13,1
35,36,30,5,1
35,36,117,61,1
35,36,28,19,1
35,36,63,5,1
35,36,33,19,1
35,36,28,80,1
35,36,0,20,1
36,37,24,3,1
36,37,117,17,1
36,37,114,101,1
36,37,100,38,1
36,37,24,4,1
36,37,48,22,1
36,37,13,67,1
36,37,20,22,1
37,38,92,42,1
37,38,56,18,1
37,38,111,81,1
37,38,33,18,1
37,38,29,25,1
37,38,39,19,1
37,38,36,41,1
37,38,59,116,1
38,39,42,31,1
38,39,112,92,1
38,39,53,33,1
38,39,30,15,1
38,39,88,85,1
38,39,66,13,1
38,39,13,33,1
38,39,38,42,1
39,40,31,1,1
39,40,70,16,1
39,40,84,83,1
39,40,72,27,1
39,40,113,93,1
39,40,61,52,1
39,40,14,70,1
39,40,37,64,1
40,41,95,26,1
40,41,25,5,1
40,41,119,115,1
40,41,67,24,1
40,41,98,60,1
40,41,28,0,1
40,41,44,86,1
40,41,96,98,1
41,42,40,25,1
41,42,43,38,1
41,42,88,37,1
41,42,76,10,1
41,42,38,4,1
41,42,38,0,1
41,42,80,115,1
41,42,0,27,1
42,43,69,23,1
42,43,95,50,1
42,43,80,38,1
42,43,56,30,1
42,43,91,87,1
42,43,94,47,1
42,43,21,98,1
42,43,34,109,1
43,44,79,9,1
43,44,76,50,1
43,44,38,36,1
43,44,30,16,1
43,44,65,35,1
43,44,40,24,1
43,44,24,49,1
43,44,25,102,1
44,45,84,25,1
44,45,104,82,1
44,45,43,31,1
44,45,27,19,1
44,45,112,47,1
44,45,96,43,1
44,45,27,46,1
44,45,8,78,1
45,46,64,52,1
45,46,79,37,1
45,46,29,1,1
45,46,111,85,1
45,46,41,9,1
45,46,54,42,1
45,46,11,48,1
45,46,70,80,1
46,47,48,25,1
46,47,116,41,1
46,47,118,92,1
46,47,32,27,1
46,47,116,59,1
46,47,36,25,1
46,47,57,93,1
46,47,89,111,1
47,48,74,18,1
47,48,54,10,1
47,48,67,14,1
47,48,33,7,1
47,48,32,29,1
47,48,105,58,1
47,48,26,52,1
47,48,0,9,1
48,49,119,40,1
48,49,62,32,1
48,49,81,37,1
48,49,65,37,1
48,49,115,12,1
48,49,39,20,1
48,49,50,61,1
48,49,16,70,1
49,50,22,12,1
49,50,69,38,1
49,50,75,22,1
49,50,54,6,1
49,50,88,28,1
49,50,63,49,1
49,50,31,37,1
49,50,26,60,1
50,51,71,55,1
50,51,117,27,1
50,51,55,14,1
50,51,81,11,1
50,51,40,38,1
50,51,96,84,1
50,51,13,64,1
50,51,43,67,1
51,52,91,43,1
51,52,82,77,1
51,52,84,53,1
51,52,118,5,1
51,52,109,22,1
51,52,62,47,1
51,52,20,53,1
51,52,56,63,1
52,53,38,3,1
52,53,67,22,1
52,53,26,20,1
52,53,90,89,1
52,53,34,19,1
52,53,82,72,1
52,53,55,58,1
52,53,26,47,1
53,54,73,2,1
53,54,118,34,1
53,54,43,13,1
53,54,105,27,1
53,54,98,72,1
53,54,90,50,1
53,54,5,68,1
53,54,11,38,1
54,55,34,26,1
54,55,117,29,1
54,55,81,37,1
54,55,79,71,1
54,55,71,34,1
54,55,80,34,1
54,55,60,98,1
54,55,9,57,1
55,56,49,0,1
55,56,34,16,1
55,56,48,45,1
55,56,79,39,1
55,56,65,13,1
55,56,58,44,1
55,56,31,62,1
55,56,8,39,1
56,57,50,32,1
56,57,39,30,1
56,57,48,28,1
56,57,96,26,1
56,57,40,31,1
56,57,54,5,1
56,57,1,47,1
56,57,1,92,1
57,58,116,44,1
57,58,74,27,1
57,58,62,49,1
57,58,85,15,1
57,58,31,5,1
57,58,99,37,1
57,58,103,104,1
57,58,34,51,1
58,59,84,44,1
58,59,34,23,1
58,59,75,24,1
58,59,115,19,1
58,59,56,2,1
58,59,107,77,1
58,59,8,41,1
58,59,19,57,1
59,60,80,31,1
59,60,22,10,1
59,60,27,4,1
59,60,116,100,1
59,60,43,39,1
59,60,24,0,1
59,60,2,41,1
59,60,96,98,1
60,61,68,19,1
60,61,36,25,1
60,61,59,9,1
60,61,55,47,1
60,61,115,73,1
60,61,105,51,1
60,61,18,109,1
60,61,30,31,1
61,62,41,8,1
61,62,76,49,1
61,62,89,39,1
61,62,92,25,1
61,62,114,17,1
61,62,34,22,1
61,62,7,25,1
61,62,46,110,1
62,63,101,49,1
62,63,55,36,1
62,63,27,23,1
62,63,84,44,1
62,63,74,37,1
62,63,98,41,1
62,63,1,21,1
62,63,28,61,1
63,64,103,58,1
63,64,35,34,1
63,64,38,30,1
63,64,85,15,1
63,64,54,25,1
63,64,73,60,1
63,64,32,48,1
63,64,28,77,1
64,65,67,14,1
64,65,35,21,1
64,65,119,87,1
64,65,95,79,1
64,65,24,5,1
64,65,85,25,1
64,65,34,62,1
64,65,16,45,1
65,66,93,31,1
65,66,52,35,1
65,66,35,32,1
65,66,40,11,1
65,66,95,0,1
65,66,31,10,1
65,66,37,46,1
65,66,73,111,1
66,67,48,7,1
66,67,100,99,1
66,67,60,2,1
66,67,104,20,1
66,67,68,33,1
66,67,91,25,1
66,67,35,45,1
66,67,71,79,1
67,68,106,55,1
67,68,64,60,1
67,68,110,20,1
67,68,75,45,1
67,68,47,29,1
67,68,26,17,1
67,68,48,73,1
67,68,55,80,1
68,69,50,27,1
68,69,96,50,1
68,69,99,5,1
68,69,27,2,1
68,69,85,32,1
68,69,12,0,1
68,69,6,21,1
68,69,9,101,1
69,70,76,36,1
69,70,80,53,1
69,70,64,60,1
69,70,79,39,1
69,70,70,7,1
69,70,88,14,1
69,70,26,65,1
69,70,26,47,1
70,71,65,47,1
70,71,24,18,1
70,71,108,44,1
70,71,77,39,1
70,71,57,27,1
70,71,81,38,1
70,71,15,96,1
70,71,58,113,1
71,72,76,0,1
71,72,69,4,1
71,72,29,10,1
71,72,72,29,1
71,72,14,0,1
71,72,85,62,1
71,72,41,55,1
71,72,42,59,1
72,73,65,38,1
72,73,41,39,1
72,73,30,17,1
72,73,67,1,1
72,73,108,85,1
72,73,44,13,1
72,73,59,87,1
72,73,20,57,1
73,74,79,10,1
73,74,107,77,1
73,74,98,46,1
73,74,34,21,1
73,74,108,8,1
73,74,113,80,1
73,74,21,26,1
73,74,21,23,1
74,75,21,14,1
74,75,79,18,1
74,75,46,33,1
74,75,103,99,1
74,75,24,0,1
74,75,48,3,1
74,75,21,28,1
74,75,7,34,1
75,76,66,17,1
75,76,84,31,1
75,76,78,49,1
75,76,101,1,1
75,76,79,9,1
75,76,97,37,1
75,76,29,64,1
75,76,0,53,1
76,77,56,22,1
76,77,27,2,1
76,77,50,7,1
76,77,110,8,1
76,77,66,17,1
76,77,87,34,1
76,77,25,83,1
76,77,0,30,1
77,78,38,23,1
77,78,99,33,1
77,78,25,16,1
77,78,66,25,1
77,78,20,0,1
77,78,98,75,1
77,78,29,77,1
77,78,33,99,1
78,79,28,18,1
78,79,85,23,1
78,79,54,16,1
78,79,96,83,1
78,79,23,10,1
78,79,86,51,1
78,79,38,55,1
78,79,19,115,1
79,80,22,4,1
79,80,110,20,1
79,80,59,25,1
79,80,111,74,1
79,80,25,18,1
79,80,53,49,1
79,80,17,56,1
79,80,30,69,1
80,81,79,9,1
80,81,76,30,1
80,81,101,33,1
80,81,29,14,1
80,81,68,63,1
80,81,97,10,1
80,81,18,33,1
80,81,21,39,1
81,82,66,56,1
81,82,55,41,1
81,82,53,34,1
81,82,87,34,1
81,82,62,32,1
81,82,55,31,1
81,82,30,35,1
81,82,58,113,1
82,83,97,21,1
82,83,21,13,1
82,83,81,66,1
82,83,49,21,1
82,83,55,19,1
82,83,48,35,1
82,83,13,77,1
82,83,46,58,1
83,84,102,99,1
83,84,119,14,1
83,84,83,45,1
83,84,117,27,1
83,84,34,28,1
83,84,58,41,1
83,84,52,66,1
83,84,20,59,1
84,85,75,15,1
84,85,41,22,1
84,85,43,21,1
84,85,47,43,1
84,85,70,6,1
84,85,115,50,1
84,85,69,80,1
84,85,14,33,1
85,86,49,15,1
85,86,114,101,1
85,86,55,28,1
85,86,28,5,1
85,86,113,26,1
85,86,109,3,1
85,86,36,90,1
85,86,39,47,1
86,87,22,19,1
86,87,117,39,1
86,87,56,2,1
86,87,31,30,1
86,87,23,1,1
86,87,34,31,1
86,87,7,31,1
86,87,69,75,1
87,88,117,14,1
87,88,22,6,1
87,88,44,13,1
87,88,91,0,1
87,88,78,14,1
87,88,61,42,1
87,88,22,66,1
87,88,36,52,1
88,89,107,25,1
88,89,41,38,1
88,89,30,18,1
88,89,29,13,1
88,89,54,13,1
88,89,37,3,1
88,89,63,76,1
88,89,68,92,1
89,90,31,23,1
89,90,82,23,1
89,90,110,83,1
89,90,79,24,1
89,90,38,10,1
89,90,103,99,1
89,90,25,29,1
89,90,42,103,1
90,91,28,3,1
90,91,64,24,1
90,91,119,104,1
90,91,24,18,1
90,91,90,34,1
90,91,24,18,1
90,91,32,53,1
90,91,37,53,1
91,92,115,33,1
91,92,37,32,1
91,92,34,16,1
91,92,57,35,1
91,92,44,13,1
91,92,54,28,1
91,92,57,61,1
91,92,34,67,1
92,93,46,32,1
92,93,33,2,1
92,93,28,25,1
92,93,79,37,1
92,93,87,63,1
92,93,71,18,1
92,93,28,108,1
92,93,18,25,1
93,94,28,23,1
93,94,64,13,1
93,94,86,25,1
93,94,112,14,1
93,94,68,33,1
93,94,22,3,1
93,94,85,101,1
93,94,79,95,1
94,95,37,9,1
94,95,102,19,1
94,95,34,22,1
94,95,63,26,1
94,95,90,84,1
94,95,115,26,1
94,95,0,85,1
94,95,20,27,1
95,96,80,2,1
95,96,106,39,1
95,96,63,35,1
95,96,30,21,1
95,96,38,24,1
95,96,25,23,1
95,96,46,79,1
95,96,21,25,1
96,97,35,32,1
96,97,114,69,1
96,97,64,33,1
96,97,83,33,1
96,97,89,30,1
96,97,107,25,1
96,97,6,100,1
96,97,50,82,1
97,98,97,84,1
97,98,108,38,1
97,98,80,31,1
97,98,47,0,1
97,98,109,85,1
97,98,29,25,1
97,98,55,68,1
97,98,10,31,1
98,99,37,32,1
98,99,56,22,1
98,99,70,14,1
98,99,79,71,1
98,99,30,6,1
98,99,119,39,1
98,99,37,97,1
98,99,88,104,1
99,100,22,7,1
99,100,26,2,1
99,100,34,0,1
99,100,66,44,1
99,100,34,13,1
99,100,87,38,1
99,100,17,22,1
99,100,14,23,1
100,101,32,0,1
100,101,19,0,1
100,101,107,77,1
100,101,97,75,1
100,101,105,15,1
100,101,91,43,1
100,101,66,67,1
100,101,39,119,1
101,102,23,12,1
101,102,85,20,1
101,102,24,9,1
101,102,94,90,1
101,102,71,8,1
101,102,88,23,1
101,102,28,32,1
101,102,19,52,1
102,103,77,1,1
102,103,109,81,1
102,103,38,4,1
102,103,116,13,1
102,103,54,42,1
102,103,64,21,1
102,103,12,30,1
102,103,24,39,1
103,104,34,32,1
103,104,96,41,1
103,104,30,12,1
103,104,45,22,1
103,104,30,29,1
103,104,72,50,1
103,104,17,23,1
103,104,25,66,1
104,105,106,105,1
104,105,72,49,1
104,105,24,7,1
104,105,27,7,1
104,105,46,31,1
104,105,108,9,1
104,105,34,38,1
104,105,6,44,1
105,106,40,24,1
105,106,115,11,1
105,106,52,47,1
105,106,112,12,1
105,106,70,57,1
105,106,73,28,1
105,106,51,86,1
105,106,36,38,1
106,107,86,22,1
106,107,96,52,1
106,107,77,35,1
106,107,26,24,1
106,107,29,23,1
106,107,39,5,1
106,107,21,24,1
106,107,28,103,1
107,108,100,3,1
107,108,57,4,1
107,108,111,98,1
107,108,78,27,1
107,108,27,7,1
107,108,77,28,1
107,108,4,43,1
107,108,37,60,1
108,109,114,55,1
108,109,112,111,1
108,109,36,17,1
108,109,71,20,1
108,109,118,108,1
108,109,113,9,1
108,109,9,59,1
108,109,36,74,1
109,110,40,32,1
109,110,107,105,1
109,110,76,38,1
109,110,36,31,1
109,110,108,18,1
109,110,84,44,1
109,110,41,74,1
109,110,26,36,1
110,111,104,44,1
110,111,91,38,1
110,111,96,2,1
110,111,68,56,1
110,111,65,34,1
110,111,45,16,1
110,111,20,97,1
110,111,3,107,1
111,112,104,13,1
111,112,57,14,1
111,112,41,20,1
111,112,69,51,1
111,112,51,18,1
111,112,92,29,1
111,112,29,37,1
111,112,81,82,1
112,113,59,39,1
112,113,107,3,1
112,113,78,29,1
112,113,36,16,1
112,113,97,20,1
112,113,57,12,1
112,113,0,37,1
112,113,11,105,1
113,114,36,35,1
113,114,94,37,1
113,114,24,21,1
113,114,49,46,1
113,114,111,42,1
113,114,74,5,1
113,114,43,93,1
113,114,55,113,1
114,115,23,10,1
114,115,76,50,1
114,115,119,0,1
114,115,84,33,1
114,115,54,20,1
114,115,62,45,1
114,115,27,72,1
114,115,87,91,1
115,116,108,93,1
115,116,102,24,1
115,116,42,41,1
115,116,113,51,1
115,116,39,38,1
115,116,118,5,1
115,116,10,53,1
115,116,24,64,1
116,117,21,11,1
116,117,63,46,1
116,117,104,25,1
116,117,37,21,1
116,117,118,13,1
116,117,43,37,1
116,117,57,61,1
116,117,3,109,1
117,118,44,2,1
117,118,72,49,1
117,118,103,84,1
117,118,57,32,1
117,118,77,34,1
117,118,60,28,1
117,118,27,105,1
117,118,16,59,1
118,119,118,40,1
118,119,56,21,1
118,119,54,5,1
118,119,59,28,1
118,119,96,24,1
118,119,109,14,1
118,119,34,38,1
118,119,31,66,1
119,120,53,19,1
119,120,94,44,1
119,120,61,7,1
119,120,81,60,1
119,120,60,26,1
119,120,62,31,1
119,120,47,112,1
119,120,27,30,1
120,121,46,21,1
120,121,73,49,1
120,121,27,17,1
120,121,55,51,1
120,121,71,57,1
120,121,48,31,1
120,121,24,29,1
120,121,20,104,1
121,122,79,18,1
121,122,62,5,1
121,122,41,37,1
121,122,19,0,1
121,122,28,19,1
121,122,58,29,1
121,122,35,42,1
121,122,72,98,1
122,123,109,16,1
122,123,42,33,1
122,123,50,15,1
122,123,90,20,1
122,123,36,4,1
122,123,58,38,1
122,123,31,41,1
122,123,15,63,1
123,124,51,49,1
123,124,62,32,1
123,124,27,18,1
123,124,108,26,1
123,124,87,40,1
123,124,75,42,1
123,124,36,115,1
123,124,70,73,1
124,125,102,50,1
124,125,48,29,1
124,125,21,18,1
124,125,42,35,1
124,125,60,10,1
124,125,115,55,1
124,125,37,86,1
124,125,26,32,1
125,126,46,27,1
125,126,65,38,1
125,126,83,25,1
125,126,76,15,1
125,126,34,16,1
125,126,56,42,1
125,126,81,90,1
125,126,90,94,1
126,127,81,42,1
126,127,87,9,1
126,127,78,38,1
126,127,117,115,1
126,127,34,13,1
126,127,45,40,1
126,127,38,43,1
126,127,54,68,1
127,128,51,20,1
127,128,101,20,1
127,128,44,9,1
127,128,43,37,1
127,128,74,14,1
127,128,117,113,1
127,128,11,101,1
127,128,35,72,1
128,129,22,17,1
128,129,72,17,1
128,129,25,4,1
128,129,84,53,1
128,129,56,33,1
128,129,33,20,1
128,129,34,53,1
128,129,33,34,1
129,130,110,58,1
129,130,57,54,1
129,130,49,48,1
129,130,76,27,1
129,130,104,20,1
129,130,40,13,1
129,130,42,61,1
129,130,69,79,1
130,131,95,7,1
130,131,52,39,1
130,131,112,73,1
130,131,37,30,1
130,131,108,45,1
130,131,117,27,1
130,131,38,45,1
130,131,58,59,1
131,132,48,9,1
131,132,52,8,1
131,132,78,30,1
131,132,75,68,1
131,132,37,6,1
131,132,46,33,1
131,132,39,106,1
131,132,70,113,1
132,133,98,48,1
132,133,56,24,1
132,133,55,28,1
132,133,28,18,1
132,133,32,0,1
132,133,35,21,1
132,133,22,81,1
132,133,99,102,1
133,134,112,12,1
133,134,23,0,1
133,134,111,42,1
133,134,101,58,1
133,134,103,84,1
133,134,23,0,1
133,134,12,21,1
133,134,61,85,1
134,135,34,27,1
134,135,92,47,1
134,135,37,0,1
134,135,114,113,1
134,135,73,20,1
134,135,99,76,1
134,135,24,29,1
134,135,28,59,1
135,136,42,12,1
135,136,27,20,1
135,136,64,24,1
135,136,116,4,1
135,136,87,34,1
135,136,57,9,1
135,136,24,61,1
135,136,99,102,1
136,137,106,55,1
136,137,73,26,1
136,137,33,31,1
136,137,73,46,1
136,137,36,33,1
136,137,61,57,1
136,137,9,59,1
136,137,19,33,1
137,138,25,7,1
137,138,101,9,1
137,138,78,0,1
137,138,116,88,1
137,138,59,6,1
137,138,88,57,1
137,138,31,80,1
137,138,16,108,1
138,139,70,14,1
138,139,48,28,1
138,139,108,8,1
138,139,93,25,1
138,139,87,19,1
138,139,55,41,1
138,139,52,97,1
138,139,86,115,1
139,140,92,68,1
139,140,58,29,1
139,140,23,22,1
139,140,55,51,1
139,140,52,27,1
139,140,34,2,1
139,140,27,83,1
139,140,39,72,1
140,141,30,0,1
140,141,69,20,1
140,141,44,9,1
140,141,60,10,1
140,141,28,0,1
140,141,40,32,1
140,141,39,72,1
140,141,15,51,1
141,142,63,32,1
141,142,60,54,1
141,142,62,57,1
141,142,29,9,1
141,142,73,14,1
141,142,77,9,1
141,142,22,62,1
141,142,27,92,1
142,143,87,62,1
142,143,48,30,1
142,143,111,89,1
142,143,46,32,1
142,143,91,16,1
142,143,68,46,1
142,143,25,86,1
142,143,5,31,1
143,144,64,52,1
143,144,11,0,1
143,144,70,24,1
143,144,80,18,1
143,144,68,19,1
143,144,24,3,1
143,144,38,58,1
143,144,23,62,1
144,145,90,6,1
144,145,27,18,1
144,145,61,39,1
144,145,102,54,1
144,145,77,33,1
144,145,59,18,1
144,145,29,35,1
144,145,43,96,1
145,146,61,52,1
145,146,115,12,1
145,146,87,38,1
145,146,110,17,1
145,146,67,28,1
145,146,42,14,1
145,146,105,106,1
145,146,60,73,1
146,147,57,14,1
146,147,62,10,1
146,147,81,23,1
146,147,104,82,1
146,147,74,59,1
146,147,84,83,1
146,147,17,66,1
146,147,6,86,1
147,148,24,4,1
147,148,104,13,1
147,148,92,9,1
147,148,30,5,1
147,148,107,35,1
147,148,56,21,1
147,148,54,80,1
147,148,1,77,1
148,149,23,15,1
148,149,86,30,1
148,149,68,46,1
148,149,114,68,1
148,149,51,32,1
148,149,11,0,1
148,149,52,108,1
148,149,55,114,1
149,150,74,27,1
149,150,43,19,1
149,150,44,20,1
149,150,50,13,1
149,150,67,66,1
149,150,117,112,1
149,150,55,80,1
149,150,31,45,1
150,151,75,19,1
150,151,98,46,1
150,151,92,68,1
150,151,61,27,1
150,151,26,3,1
150,151,46,33,1
150,151,1,107,1
150,151,25,55,1
151,152,48,25,1
151,152,37,34,1
151,152,106,41,1
151,152,23,10,1
151,152,108,34,1
151,152,32,24,1
151,152,73,96,1
151,152,5,40,1
152,153,31,0,1
152,153,33,11,1
152,153,32,25,1
152,153,43,39,1
152,153,27,6,1
152,153,106,29,1
152,153,39,119,1
152,153,38,78,1
153,154,101,76,1
153,154,119,23,1
153,154,38,11,1
153,154,71,28,1
153,154,61,52,1
153,154,35,29,1
153,154,53,78,1
153,154,81,82,1
154,155,92,9,1
154,155,113,33,1
154,155,27,0,1
154,155,103,11,1
154,155,105,21,1
154,155,119,14,1
154,155,13,105,1
154,155,33,69,1
155,156,35,5,1
155,156,86,77,1
155,156,64,31,1
155,156,109,3,1
155,156,21,16,1
155,156,50,37,1
155,156,21,43,1
155,156,74,84,1
156,157,49,30,1
156,157,75,19,1
156,157,72,50,1
156,157,62,32,1
156,157,68,32,1
156,157,83,5,1
156,157,20,37,1
156,157,41,104,1
157,158,51,15,1
157,158,78,73,1
157,158,101,30,1
157,158,78,58,1
157,158,35,33,1
157,158,50,36,1
157,158,38,117,1
157,158,43,94,1
158,159,75,69,1
158,159,28,9,1
158,159,96,49,1
158,159,27,11,1
158,159,91,7,1
158,159,90,72,1
158,159,19,61,1
158,159,26,74,1
159,160,113,84,1
159,160,118,67,1
159,160,102,27,1
159,160,109,38,1
159,160,78,5,1
159,160,32,12,1
159,160,76,101,1
159,160,42,101,1
160,161,44,23,1
160,161,37,7,1
160,161,58,38,1
160,161,77,35,1
160,161,95,57,1
160,161,27,7,1
160,161,0,34,1
160,161,19,76,1
161,162,112,89,1
161,162,65,57,1
161,162,97,44,1
161,162,56,21,1
161,162,83,10,1
161,162,102,50,1
161,162,56,73,1
161,162,21,101,1
162,163,62,20,1
162,163,52,28,1
162,163,80,31,1
162,163,101,76,1
162,163,34,22,1
162,163,108,93,1
162,163,32,84,1
162,163,11,48,1
163,164,63,33,1
163,164,62,23,1
163,164,71,17,1
163,164,100,1,1
163,164,110,41,1
163,164,66,21,1
163,164,1,23,1
163,164,74,89,1
164,165,71,55,1
164,165,106,72,1
164,165,43,13,1
164,165,106,105,1
164,165,86,9,1
164,165,79,9,1
164,165,23,44,1
164,165,28,98,1
165,166,45,34,1
165,166,74,38,1
165,166,86,2,1
165,166,42,14,1
165,166,103,41,1
165,166,80,62,1
165,166,2,95,1
165,166,42,103,1
166,167,71,18,1
166,167,46,0,1
166,167,52,30,1
166,167,112,103,1
166,167,108,51,1
166,167,116,88,1
166,167,1,22,1
166,167,62,80,1
167,168,108,52,1
167,168,51,20,1
167,168,75,52,1
167,168,26,13,1
167,168,35,27,1
167,168,51,32,1
167,168,8,22,1
167,168,69,114,1
168,169,98,84,1
168,169,83,74,1
168,169,41,30,1
168,169,115,73,1
168,169,75,54,1
168,169,100,99,1
168,169,37,79,1
168,169,29,31,1
169,170,28,19,1
169,170,40,28,1
169,170,96,83,1
169,170,66,65,1
169,170,72,21,1
169,170,60,36,1
169,170,46,47,1
169,170,36,118,1
170,171,56,22,1
170,171,101,85,1
170,171,109,81,1
170,171,37,22,1
170,171,117,27,1
170,171,30,13,1
170,171,22,43,1
170,171,29,119,1
171,172,49,42,1
171,172,32,28,1
171,172,73,39,1
171,172,42,26,1
171,172,22,1,1
171,172,89,8,1
171,172,3,57,1
171,172,88,101,1
172,173,81,29,1
172,173,59,16,1
172,173,66,61,1
172,173,34,24,1
172,173,73,47,1
172,173,74,47,1
172,173,57,62,1
172,173,31,41,1
173,174,63,26,1
173,174,106,63,1
173,174,102,79,1
173,174,95,62,1
173,174,47,29,1
173,174,83,74,1
173,174,0,37,1
173,174,34,36,1
174,175,21,10,1
174,175,103,9,1
174,175,7,0,1
174,175,110,74,1
174,175,80,34,1
174,175,84,63,1
174,175,15,46,1
174,175,11,115,1
175,176,119,39,1
175,176,44,41,1
175,176,2,0,1
175,176,40,27,1
175,176,101,80,1
175,176,112,103,1
175,176,6,70,1
175,176,5,104,1
176,177,88,68,1
176,177,42,9,1
176,177,42,33,1
176,177,51,46,1
176,177,65,13,1
176,177,107,87,1
176,177,10,69,1
176,177,22,109,1
177,178,32,30,1
177,178,51,15,1
177,178,52,30,1
177,178,35,14,1
177,178,66,17,1
177,178,111,74,1
177,178,20,48,1
177,178,24,26,1
178,179,45,27,1
178,179,29,23,1
178,179,99,98,1
178,179,72,27,1
178,179,71,28,1
178,179,69,30,1
178,179,12,43,1
178,179,28,30,1
