76,47,0,1
9,85,0,1
71,96,0,1
47,76,0,1
36,76,0,1
74,106,0,1
80,13,0,1
110,85,0,1
96,71,1,1
63,78,1,1
21,77,1,1
56,57,1,1
19,109,1,1
40,91,1,1
49,59,1,1
81,69,1,1
24,115,2,1
33,50,2,1
75,104,2,1
57,56,2,1
19,48,2,1
64,103,2,1
19,43,2,1
110,34,2,1
71,99,3,1
9,114,3,1
27,80,3,1
43,82,3,1
32,44,3,1
56,74,3,1
18,109,3,1
30,110,3,1
18,40,4,1
100,79,4,1
89,77,4,1
45,63,4,1
12,23,4,1
79,58,4,1
36,93,4,1
48,82,4,1
44,32,5,1
30,110,5,1
78,85,5,1
85,78,5,1
88,14,5,1
100,116,5,1
84,71,5,1
31,34,5,1
58,96,6,1
38,16,6,1
113,56,6,1
5,115,6,1
44,83,6,1
110,85,6,1
34,110,6,1
38,49,6,1
8,43,7,1
117,116,7,1
49,106,7,1
68,30,7,1
54,33,7,1
18,109,7,1
91,86,7,1
40,7,7,1
118,60,8,1
78,7,8,1
38,49,8,1
79,89,8,1
27,50,8,1
109,40,8,1
45,100,8,1
27,80,8,1
57,30,9,1
105,29,9,1
36,95,9,1
1,66,9,1
71,110,9,1
113,69,9,1
38,16,9,1
29,27,9,1
17,41,10,1
110,34,10,1
109,40,10,1
8,43,10,1
31,110,10,1
76,42,10,1
52,89,10,1
32,80,10,1
58,64,11,1
103,93,11,1
55,46,11,1
74,110,11,1
28,3,11,1
19,42,11,1
31,110,11,1
20,47,11,1
100,45,12,1
82,40,12,1
76,36,12,1
99,76,12,1
49,59,12,1
48,82,12,1
5,78,12,1
38,117,12,1
15,109,13,1
75,28,13,1
110,71,13,1
60,118,13,1
115,24,13,1
95,81,13,1
22,60,13,1
76,42,13,1
88,91,14,1
89,77,14,1
42,76,14,1
80,27,14,1
57,56,14,1
51,42,14,1
38,16,14,1
80,13,14,1
24,63,15,1
93,50,15,1
66,115,15,1
91,88,15,1
41,17,15,1
2,79,15,1
21,77,15,1
76,19,15,1
3,28,16,1
59,49,16,1
58,103,16,1
50,0,16,1
39,3,16,1
85,110,16,1
39,10,16,1
24,30,16,1
98,16,17,1
74,30,17,1
25,105,17,1
34,31,17,1
28,3,17,1
40,7,17,1
40,91,17,1
105,25,17,1
48,40,18,1
2,20,18,1
76,19,18,1
56,74,18,1
91,88,18,1
62,47,18,1
43,74,18,1
101,11,18,1
47,20,19,1
19,43,19,1
1,66,19,1
86,91,19,1
11,101,19,1
82,115,19,1
92,81,19,1
40,29,19,1
47,70,20,1
34,23,20,1
95,81,20,1
40,82,20,1
12,98,20,1
102,72,20,1
48,119,20,1
48,19,20,1
47,70,21,1
42,29,21,1
110,80,21,1
66,114,21,1
85,78,21,1
71,96,21,1
96,3,21,1
0,54,21,1
0,33,22,1
89,79,22,1
62,47,22,1
30,56,22,1
74,106,22,1
86,91,22,1
45,100,22,1
46,76,22,1
75,68,23,1
8,82,23,1
63,45,23,1
95,81,23,1
42,29,23,1
63,81,23,1
79,89,23,1
89,77,23,1
9,69,24,1
47,62,24,1
50,93,24,1
25,29,24,1
50,93,24,1
91,86,24,1
85,40,24,1
71,84,24,1
1,43,25,1
25,37,25,1
62,39,25,1
117,34,25,1
118,60,25,1
70,113,25,1
55,46,25,1
1,66,25,1
89,41,26,1
2,111,26,1
80,110,26,1
17,41,26,1
115,33,26,1
82,115,26,1
28,61,26,1
78,63,26,1
78,65,27,1
81,90,27,1
34,104,27,1
90,20,27,1
70,49,27,1
115,5,27,1
77,89,27,1
100,45,27,1
29,25,28,1
38,49,28,1
16,38,28,1
114,9,28,1
75,104,28,1
15,109,28,1
9,17,28,1
115,82,28,1
49,12,29,1
93,112,29,1
49,23,29,1
118,60,29,1
5,40,29,1
5,59,29,1
29,27,29,1
40,109,29,1
27,50,30,1
96,71,30,1
85,110,30,1
62,47,30,1
40,82,30,1
13,80,30,1
15,109,30,1
35,90,30,1
4,108,31,1
119,0,31,1
1,43,31,1
72,10,31,1
83,107,31,1
98,31,31,1
31,110,31,1
27,29,31,1
102,92,32,1
31,38,32,1
110,71,32,1
40,109,32,1
108,4,32,1
108,12,32,1
113,69,32,1
6,67,32,1
114,66,33,1
89,52,33,1
113,61,33,1
62,39,33,1
41,89,33,1
22,60,33,1
80,32,33,1
45,63,33,1
74,110,34,1
60,118,34,1
79,2,34,1
84,71,34,1
48,31,34,1
55,100,34,1
92,81,34,1
71,96,34,1
76,46,35,1
114,81,35,1
28,61,35,1
113,70,35,1
50,0,35,1
28,75,35,1
23,49,35,1
34,28,35,1
78,22,36,1
32,80,36,1
27,87,36,1
94,86,36,1
54,0,36,1
22,26,36,1
0,33,36,1
46,76,36,1
48,82,37,1
59,5,37,1
92,81,37,1
103,64,37,1
95,81,37,1
103,64,37,1
93,50,37,1
30,57,37,1
42,19,38,1
48,119,38,1
49,106,38,1
0,87,38,1
46,55,38,1
35,90,38,1
70,103,38,1
16,98,38,1
93,36,39,1
81,63,39,1
105,29,39,1
54,0,39,1
3,96,39,1
18,33,39,1
74,2,39,1
60,118,39,1
34,117,40,1
0,119,40,1
34,31,40,1
96,58,40,1
10,72,40,1
20,47,40,1
113,74,40,1
40,109,40,1
47,76,41,1
57,108,41,1
29,40,41,1
96,71,41,1
113,74,41,1
74,110,41,1
55,100,41,1
76,36,41,1
29,27,42,1
80,13,42,1
105,12,42,1
56,113,42,1
38,49,42,1
22,26,42,1
117,38,42,1
51,105,42,1
82,43,43,1
37,25,43,1
95,66,43,1
118,60,43,1
58,64,43,1
89,77,43,1
80,27,43,1
25,13,43,1
110,74,44,1
103,58,44,1
62,47,44,1
55,100,44,1
67,30,44,1
114,66,44,1
82,71,44,1
27,29,44,1
33,54,45,1
71,84,45,1
50,93,45,1
117,116,45,1
26,46,45,1
66,1,45,1
118,60,45,1
84,71,45,1
41,89,46,1
81,63,46,1
42,84,46,1
47,20,46,1
116,100,46,1
23,104,46,1
25,37,46,1
76,36,46,1
49,23,47,1
108,57,47,1
82,8,47,1
78,7,47,1
41,17,47,1
115,85,47,1
105,25,47,1
78,63,47,1
22,26,48,1
12,108,48,1
90,35,48,1
66,114,48,1
68,30,48,1
57,56,48,1
38,117,48,1
30,74,48,1
47,62,49,1
32,44,49,1
9,114,49,1
109,15,49,1
80,27,49,1
40,33,49,1
73,0,49,1
92,34,49,1
38,117,50,1
33,40,50,1
2,20,50,1
13,80,50,1
79,58,50,1
80,27,50,1
40,91,50,1
74,113,50,1
72,102,51,1
9,85,51,1
42,51,51,1
34,117,51,1
34,31,51,1
12,49,51,1
71,84,51,1
19,109,51,1
40,33,52,1
56,113,52,1
71,99,52,1
0,87,52,1
89,77,52,1
49,23,52,1
113,56,52,1
70,113,52,1
33,54,53,1
69,113,53,1
33,115,53,1
66,114,53,1
78,65,53,1
84,42,53,1
115,82,53,1
85,115,53,1
23,104,54,1
105,12,54,1
38,117,54,1
34,28,54,1
28,61,54,1
79,100,54,1
38,49,54,1
62,39,54,1
51,32,55,1
109,18,55,1
114,9,55,1
85,40,55,1
103,70,55,1
79,100,55,1
98,16,55,1
66,114,55,1
109,15,56,1
117,38,56,1
119,0,56,1
81,90,56,1
31,61,56,1
119,0,56,1
101,11,56,1
49,12,56,1
103,64,57,1
63,24,57,1
80,27,57,1
33,50,57,1
58,103,57,1
105,12,57,1
20,2,57,1
113,70,57,1
96,58,58,1
109,40,58,1
94,86,58,1
82,71,58,1
71,99,58,1
116,100,58,1
46,55,58,1
28,34,58,1
105,25,59,1
55,46,59,1
77,89,59,1
30,57,59,1
85,115,59,1
23,104,59,1
93,50,59,1
115,5,59,1
57,108,60,1
5,59,60,1
115,5,60,1
117,116,60,1
115,24,60,1
56,57,60,1
43,74,60,1
96,71,60,1
3,74,61,1
103,58,61,1
18,40,61,1
92,102,61,1
40,82,61,1
54,33,61,1
33,50,61,1
34,31,61,1
10,102,62,1
71,99,62,1
13,25,62,1
8,82,62,1
43,82,62,1
76,42,62,1
85,40,62,1
21,77,62,1
65,78,63,1
0,50,63,1
76,46,63,1
81,95,63,1
95,81,63,1
4,108,63,1
79,100,63,1
98,31,63,1
63,24,64,1
4,108,64,1
50,0,64,1
40,82,64,1
32,51,64,1
7,78,64,1
48,19,64,1
106,49,64,1
116,100,65,1
50,33,65,1
115,33,65,1
23,49,65,1
84,42,65,1
57,30,65,1
46,26,65,1
115,116,65,1
68,75,66,1
98,12,66,1
51,42,66,1
45,100,66,1
5,59,66,1
46,26,66,1
75,28,66,1
74,30,66,1
32,80,67,1
9,69,67,1
68,30,67,1
112,93,67,1
67,6,67,1
82,46,67,1
11,101,67,1
56,57,67,1
75,104,68,1
71,40,68,1
21,2,68,1
31,61,68,1
80,32,68,1
90,35,68,1
63,117,68,1
34,31,68,1
12,49,69,1
65,78,69,1
19,43,69,1
0,50,69,1
85,78,69,1
79,58,69,1
7,40,69,1
82,115,69,1
21,2,70,1
34,104,70,1
59,5,70,1
95,66,70,1
10,39,70,1
115,66,70,1
47,20,70,1
110,30,70,1
85,115,71,1
56,113,71,1
40,48,71,1
16,98,71,1
30,67,71,1
113,74,71,1
49,12,71,1
52,2,71,1
28,34,72,1
74,43,72,1
31,48,72,1
40,71,72,1
108,57,72,1
110,71,72,1
83,107,72,1
92,34,72,1
96,3,73,1
86,91,73,1
95,36,73,1
89,79,73,1
43,82,73,1
12,49,73,1
0,50,73,1
117,63,73,1
54,33,74,1
114,66,74,1
3,74,74,1
10,39,74,1
34,23,74,1
29,27,74,1
113,56,74,1
70,19,74,1
115,24,75,1
67,30,75,1
56,30,75,1
21,2,75,1
37,4,75,1
22,15,75,1
91,88,75,1
76,47,75,1
78,5,76,1
9,69,76,1
110,80,76,1
70,49,76,1
31,34,76,1
63,78,76,1
35,79,76,1
0,33,76,1
105,29,77,1
12,23,77,1
70,113,77,1
51,32,77,1
46,26,77,1
110,34,77,1
13,25,77,1
31,110,77,1
106,74,78,1
79,35,78,1
80,32,78,1
109,18,78,1
48,31,78,1
50,33,78,1
113,69,78,1
21,77,78,1
47,70,79,1
114,81,79,1
39,62,79,1
119,48,79,1
115,24,79,1
33,0,79,1
46,55,79,1
2,79,79,1
79,100,80,1
86,91,80,1
84,71,80,1
0,54,80,1
1,66,80,1
106,74,80,1
19,76,80,1
45,100,80,1
48,119,81,1
50,33,81,1
74,2,81,1
31,48,81,1
34,117,81,1
60,22,81,1
114,66,81,1
66,114,81,1
31,61,82,1
48,82,82,1
110,80,82,1
33,40,82,1
99,78,82,1
9,114,82,1
89,77,82,1
74,113,82,1
107,83,83,1
7,78,83,1
81,114,83,1
80,32,83,1
48,119,83,1
21,2,83,1
76,47,83,1
102,10,83,1
81,95,84,1
76,36,84,1
115,85,84,1
81,69,84,1
113,70,84,1
105,44,84,1
30,74,84,1
103,64,84,1
75,104,85,1
58,96,85,1
57,108,85,1
110,80,85,1
93,43,85,1
15,109,85,1
113,69,85,1
2,74,85,1
40,109,86,1
54,0,86,1
80,27,86,1
12,23,86,1
7,24,86,1
92,81,86,1
30,24,86,1
43,8,86,1
74,3,87,1
10,72,87,1
28,34,87,1
61,28,87,1
31,110,87,1
37,4,87,1
52,2,87,1
58,96,87,1
40,91,88,1
66,95,88,1
102,10,88,1
34,117,88,1
58,103,88,1
43,74,88,1
98,12,88,1
100,116,88,1
81,95,89,1
5,78,89,1
74,110,89,1
31,98,89,1
27,87,89,1
58,79,89,1
16,98,89,1
89,52,89,1
32,80,90,1
101,11,90,1
20,90,90,1
74,30,90,1
106,49,90,1
0,33,90,1
78,63,90,1
110,30,90,1
58,96,91,1
10,72,91,1
117,63,91,1
25,29,91,1
62,39,91,1
78,22,91,1
93,36,91,1
81,69,91,1
102,72,92,1
74,2,92,1
51,42,92,1
115,116,92,1
36,95,92,1
28,3,92,1
74,30,92,1
117,63,92,1
84,71,93,1
10,72,93,1
83,107,93,1
42,19,93,1
49,70,93,1
93,43,93,1
33,54,93,1
69,81,93,1
24,63,94,1
26,46,94,1
79,58,94,1
63,24,94,1
40,29,94,1
96,58,94,1
51,32,94,1
95,36,94,1
115,82,95,1
110,80,95,1
4,37,95,1
93,112,95,1
46,82,95,1
80,32,95,1
36,93,95,1
33,0,95,1
76,36,96,1
0,54,96,1
88,91,96,1
90,35,96,1
57,108,96,1
110,30,96,1
3,96,96,1
82,46,96,1
110,74,97,1
66,1,97,1
117,116,97,1
108,4,97,1
99,71,97,1
108,57,97,1
46,55,97,1
87,27,97,1
31,61,98,1
1,66,98,1
46,55,98,1
12,108,98,1
36,76,98,1
28,34,98,1
40,18,98,1
50,0,98,1
23,59,99,1
113,69,99,1
31,48,99,1
113,70,99,1
31,61,99,1
85,40,99,1
28,3,99,1
16,98,99,1
4,108,100,1
29,27,100,1
107,83,100,1
40,33,100,1
52,2,100,1
34,117,100,1
34,110,100,1
0,73,100,1
2,79,101,1
19,70,101,1
74,110,101,1
50,0,101,1
89,41,101,1
31,110,101,1
81,69,101,1
69,9,101,1
0,50,102,1
115,5,102,1
67,30,102,1
102,72,102,1
89,41,102,1
73,0,102,1
34,92,102,1
83,107,102,1
104,23,103,1
0,54,103,1
7,40,103,1
7,24,103,1
58,64,103,1
5,40,103,1
68,75,103,1
48,40,103,1
102,10,104,1
30,56,104,1
50,27,104,1
70,103,104,1
9,17,104,1
39,62,104,1
76,42,104,1
44,83,104,1
60,22,105,1
105,25,105,1
100,55,105,1
20,94,105,1
27,50,105,1
99,71,105,1
32,51,105,1
31,38,105,1
0,50,106,1
60,118,106,1
8,43,106,1
31,110,106,1
109,93,106,1
23,59,106,1
93,109,106,1
67,6,106,1
63,24,107,1
57,108,107,1
66,95,107,1
48,31,107,1
46,55,107,1
30,74,107,1
86,94,107,1
93,36,107,1
40,85,108,1
78,99,108,1
33,18,108,1
38,16,108,1
78,99,108,1
99,76,108,1
70,47,108,1
23,49,108,1
78,63,109,1
5,115,109,1
84,71,109,1
4,108,109,1
58,96,109,1
20,90,109,1
36,93,109,1
82,48,109,1
40,5,110,1
32,44,110,1
114,66,110,1
41,89,110,1
8,43,110,1
76,99,110,1
8,82,110,1
22,60,110,1
79,2,111,1
32,51,111,1
66,1,111,1
72,10,111,1
116,100,111,1
22,78,111,1
93,43,111,1
48,19,111,1
50,93,112,1
74,110,112,1
63,45,112,1
47,70,112,1
83,107,112,1
59,49,112,1
32,44,112,1
71,96,112,1
74,56,113,1
71,82,113,1
89,41,113,1
25,29,113,1
85,110,113,1
65,78,113,1
109,18,113,1
66,95,113,1
81,63,114,1
111,2,114,1
80,27,114,1
76,46,114,1
91,86,114,1
99,76,114,1
116,100,114,1
70,113,114,1
93,103,115,1
70,19,115,1
71,96,115,1
3,96,115,1
4,108,115,1
51,32,115,1
33,54,115,1
45,100,115,1
43,74,116,1
31,34,116,1
113,70,116,1
83,44,116,1
22,60,116,1
11,101,116,1
5,115,116,1
102,92,116,1
45,100,117,1
79,89,117,1
91,88,117,1
61,31,117,1
78,99,117,1
5,59,117,1
74,113,117,1
66,114,117,1
59,49,118,1
66,1,118,1
32,51,118,1
80,27,118,1
59,5,118,1
103,58,118,1
114,66,118,1
58,64,118,1
108,12,119,1
16,38,119,1
113,61,119,1
23,49,119,1
56,74,119,1
56,74,119,1
110,85,119,1
4,37,119,1
0,54,120,1
76,42,120,1
48,82,120,1
58,103,120,1
0,119,120,1
108,4,120,1
105,25,120,1
79,35,120,1
16,38,121,1
3,74,121,1
29,105,121,1
71,96,121,1
96,71,121,1
89,41,121,1
48,82,121,1
106,74,121,1
71,96,122,1
118,60,122,1
12,105,122,1
21,2,122,1
42,76,122,1
29,105,122,1
108,12,122,1
28,61,122,1
74,30,123,1
15,109,123,1
105,25,123,1
93,36,123,1
40,71,123,1
60,22,123,1
0,73,123,1
47,62,123,1
21,77,124,1
28,61,124,1
115,33,124,1
69,113,124,1
110,34,124,1
82,40,124,1
43,8,124,1
71,99,124,1
81,63,125,1
74,110,125,1
31,34,125,1
116,100,125,1
63,24,125,1
78,22,125,1
3,39,125,1
22,60,125,1
81,63,126,1
117,34,126,1
119,0,126,1
70,47,126,1
64,103,126,1
68,75,126,1
74,3,126,1
60,118,126,1
119,0,127,1
111,2,127,1
93,43,127,1
82,43,127,1
33,36,127,1
102,10,127,1
108,12,127,1
109,93,127,1
82,115,128,1
74,110,128,1
42,84,128,1
76,99,128,1
40,71,128,1
42,29,128,1
68,75,128,1
35,79,128,1
60,22,129,1
43,8,129,1
22,60,129,1
87,0,129,1
76,47,129,1
109,19,129,1
49,70,129,1
113,61,129,1
103,58,130,1
28,3,130,1
79,35,130,1
89,79,130,1
73,0,130,1
42,84,130,1
30,67,130,1
90,35,130,1
116,115,131,1
56,57,131,1
111,2,131,1
21,2,131,1
23,12,131,1
85,40,131,1
40,7,131,1
36,95,131,1
63,117,132,1
99,78,132,1
100,79,132,1
43,1,132,1
41,89,132,1
40,82,132,1
89,52,132,1
2,52,132,1
47,20,133,1
59,5,133,1
30,74,133,1
43,1,133,1
104,34,133,1
76,99,133,1
48,119,133,1
46,82,133,1
63,78,134,1
102,72,134,1
43,1,134,1
110,31,134,1
108,4,134,1
25,13,134,1
32,44,134,1
8,43,134,1
22,60,135,1
103,58,135,1
93,50,135,1
100,55,135,1
29,42,135,1
85,78,135,1
102,72,135,1
74,2,135,1
26,46,136,1
26,46,136,1
114,9,136,1
2,79,136,1
55,100,136,1
78,7,136,1
9,69,136,1
94,86,136,1
78,99,137,1
102,92,137,1
51,32,137,1
23,104,137,1
82,115,137,1
104,75,137,1
2,20,137,1
117,116,137,1
79,35,138,1
96,3,138,1
69,113,138,1
113,69,138,1
82,48,138,1
34,28,138,1
11,101,138,1
36,33,138,1
50,93,139,1
37,4,139,1
22,26,139,1
50,93,139,1
24,115,139,1
74,110,139,1
8,82,139,1
82,115,139,1
40,48,140,1
74,106,140,1
40,33,140,1
10,39,140,1
12,108,140,1
82,71,140,1
30,67,140,1
112,93,140,1
89,77,141,1
3,74,141,1
75,68,141,1
0,54,141,1
47,62,141,1
11,101,141,1
24,63,141,1
33,115,141,1
33,0,142,1
44,32,142,1
51,42,142,1
45,100,142,1
2,74,142,1
115,85,142,1
34,28,142,1
54,33,142,1
43,82,143,1
44,32,143,1
32,44,143,1
3,28,143,1
24,115,143,1
88,91,143,1
73,0,143,1
108,12,143,1
117,34,144,1
7,78,144,1
72,102,144,1
43,82,144,1
102,10,144,1
40,85,144,1
56,30,144,1
75,68,144,1
7,40,145,1
115,24,145,1
48,31,145,1
72,102,145,1
40,82,145,1
78,85,145,1
70,47,145,1
33,18,145,1
90,81,146,1
22,78,146,1
19,48,146,1
71,110,146,1
82,40,146,1
12,23,146,1
40,33,146,1
49,23,146,1
99,76,147,1
36,93,147,1
95,36,147,1
115,85,147,1
71,99,147,1
26,22,147,1
104,75,147,1
74,3,147,1
81,63,148,1
17,9,148,1
7,40,148,1
49,38,148,1
115,24,148,1
38,31,148,1
91,40,148,1
16,98,148,1
80,27,149,1
100,45,149,1
104,23,149,1
85,115,149,1
70,103,149,1
58,79,149,1
43,8,149,1
36,33,149,1
91,40,150,1
119,48,150,1
85,78,150,1
40,18,150,1
23,59,150,1
42,84,150,1
116,100,150,1
15,109,150,1
40,82,151,1
94,86,151,1
34,92,151,1
119,48,151,1
34,28,151,1
92,81,151,1
40,82,151,1
112,93,151,1
84,42,152,1
76,19,152,1
78,5,152,1
30,56,152,1
37,25,152,1
22,15,152,1
105,12,152,1
66,1,152,1
79,35,153,1
39,62,153,1
0,33,153,1
90,20,153,1
94,20,153,1
16,98,153,1
76,42,153,1
110,80,153,1
115,82,154,1
1,66,154,1
90,35,154,1
77,21,154,1
78,99,154,1
27,50,154,1
41,89,154,1
50,27,154,1
85,9,155,1
90,81,155,1
17,41,155,1
64,58,155,1
57,108,155,1
22,60,155,1
71,40,155,1
77,89,155,1
48,19,156,1
51,105,156,1
29,42,156,1
93,50,156,1
66,114,156,1
79,2,156,1
74,110,156,1
70,47,156,1
69,9,157,1
93,43,157,1
115,116,157,1
78,99,157,1
89,79,157,1
0,33,157,1
0,73,157,1
83,44,157,1
26,46,158,1
91,86,158,1
41,17,158,1
2,20,158,1
109,19,158,1
71,82,158,1
119,0,158,1
40,18,158,1
78,63,159,1
82,46,159,1
74,113,159,1
28,75,159,1
80,13,159,1
113,74,159,1
108,57,159,1
96,3,159,1
44,32,160,1
98,31,160,1
93,50,160,1
3,28,160,1
70,49,160,1
31,110,160,1
117,116,160,1
31,110,160,1
48,40,161,1
15,109,161,1
57,108,161,1
78,65,161,1
19,42,161,1
28,61,161,1
85,78,161,1
111,2,161,1
72,10,162,1
32,80,162,1
22,15,162,1
33,54,162,1
71,84,162,1
49,70,162,1
73,0,162,1
23,49,162,1
45,63,163,1
71,110,163,1
46,76,163,1
93,43,163,1
95,81,163,1
0,119,163,1
90,81,163,1
45,100,163,1
67,6,164,1
110,31,164,1
46,55,164,1
93,109,164,1
77,21,164,1
59,49,164,1
105,44,164,1
94,86,164,1
74,2,165,1
101,11,165,1
89,52,165,1
113,70,165,1
80,110,165,1
56,57,165,1
91,40,165,1
46,76,165,1
22,15,166,1
74,2,166,1
0,73,166,1
38,117,166,1
81,95,166,1
75,104,166,1
84,71,166,1
82,71,166,1
89,41,167,1
13,80,167,1
82,40,167,1
30,77,167,1
87,27,167,1
2,74,167,1
29,42,167,1
40,18,167,1
34,104,168,1
45,100,168,1
28,61,168,1
43,19,168,1
78,7,168,1
52,2,168,1
78,5,168,1
93,43,168,1
21,77,169,1
63,81,169,1
115,24,169,1
16,98,169,1
85,9,169,1
100,55,169,1
96,58,169,1
78,63,169,1
59,49,170,1
102,10,170,1
115,5,170,1
96,3,170,1
85,9,170,1
38,49,170,1
80,110,170,1
88,14,170,1
27,29,171,1
95,36,171,1
25,13,171,1
89,79,171,1
104,23,171,1
31,34,171,1
19,70,171,1
100,55,171,1
49,59,172,1
31,48,172,1
96,3,172,1
105,51,172,1
54,33,172,1
115,24,172,1
5,59,172,1
117,63,172,1
74,30,173,1
58,103,173,1
9,114,173,1
78,65,173,1
48,119,173,1
103,58,173,1
107,83,173,1
37,25,173,1
81,114,174,1
33,40,174,1
40,18,174,1
49,70,174,1
78,5,174,1
12,108,174,1
82,40,174,1
51,42,174,1
7,24,175,1
31,98,175,1
119,0,175,1
34,104,175,1
76,36,175,1
34,31,175,1
117,38,175,1
90,81,175,1
107,83,176,1
101,11,176,1
84,71,176,1
77,21,176,1
62,47,176,1
115,24,176,1
59,49,176,1
12,98,176,1
40,82,177,1
48,19,177,1
56,113,177,1
115,82,177,1
24,7,177,1
38,49,177,1
2,20,177,1
85,40,177,1
39,62,178,1
105,51,178,1
50,33,178,1
67,30,178,1
115,66,178,1
80,32,178,1
30,56,178,1
27,80,178,1
100,45,179,1
62,47,179,1
93,109,179,1
12,49,179,1
77,21,179,1
77,21,179,1
113,61,179,1
38,117,179,1
