-1,0,43,37,1
-1,0,95,57,1
-1,0,78,22,1
-1,0,31,6,1
-1,0,108,68,1
-1,0,119,54,1
-1,0,40,42,1
-1,0,58,116,1
0,1,56,41,1
0,1,100,12,1
0,1,35,22,1
0,1,106,29,1
0,1,43,26,1
0,1,86,27,1
0,1,0,5,1
0,1,0,106,1
1,2,87,47,1
1,2,86,2,1
1,2,113,63,1
1,2,21,16,1
1,2,116,34,1
1,2,91,23,1
1,2,5,96,1
1,2,17,24,1
2,3,28,21,1
2,3,33,20,1
2,3,70,65,1
2,3,89,65,1
2,3,50,37,1
2,3,29,17,1
2,3,8,24,1
2,3,51,84,1
3,4,101,89,1
3,4,106,86,1
3,4,25,23,1
3,4,82,18,1
3,4,68,16,1
3,4,32,9,1
3,4,66,70,1
3,4,31,53,1
4,5,48,5,1
4,5,41,24,1
4,5,96,71,1
4,5,98,26,1
4,5,73,21,1
4,5,86,15,1
4,5,78,84,1
4,5,71,117,1
5,6,45,5,1
5,6,23,20,1
5,6,82,50,1
5,6,114,44,1
5,6,79,26,1
5,6,56,15,1
5,6,7,67,1
5,6,16,26,1
6,7,97,7,1
6,7,56,43,1
6,7,71,31,1
6,7,79,25,1
6,7,109,34,1
6,7,98,21,1
6,7,23,36,1
6,7,49,51,1
7,8,53,10,1
7,8,104,8,1
7,8,93,22,1
7,8,24,8,1
7,8,48,25,1
7,8,47,27,1
7,8,28,118,1
7,8,21,44,1
8,9,72,31,1
8,9,28,26,1
8,9,71,40,1
8,9,69,5,1
8,9,105,62,1
8,9,65,58,1
8,9,5,96,1
8,9,15,61,1
9,10,70,66,1
9,10,83,49,1
9,10,65,58,1
9,10,46,8,1
9,10,51,50,1
9,10,28,25,1
9,10,60,90,1
9,10,4,35,1
10,11,40,1,1
10,11,82,26,1
10,11,91,29,1
10,11,32,11,1
10,11,27,8,1
10,11,70,22,1
10,11,26,77,1
10,11,84,105,1
11,12,103,92,1
11,12,99,46,1
11,12,25,18,1
11,12,98,21,1
11,12,42,16,1
11,12,65,58,1
11,12,17,78,1
11,12,1,64,1
12,13,87,18,1
12,13,62,49,1
12,13,52,32,1
12,13,107,12,1
12,13,96,21,1
12,13,85,26,1
12,13,79,113,1
12,13,41,47,1
13,14,62,24,1
13,14,110,94,1
13,14,30,28,1
13,14,74,62,1
13,14,45,0,1
13,14,81,21,1
13,14,8,103,1
13,14,90,107,1
14,15,7,0,1
14,15,85,8,1
14,15,41,0,1
14,15,78,75,1
14,15,93,40,1
14,15,73,36,1
14,15,49,94,1
14,15,23,28,1
15,16,53,26,1
15,16,38,18,1
15,16,55,0,1
15,16,67,47,1
15,16,76,33,1
15,16,116,5,1
15,16,31,58,1
15,16,6,51,1
16,17,24,11,1
16,17,82,39,1
16,17,47,29,1
16,17,51,21,1
16,17,30,11,1
16,17,32,11,1
16,17,4,28,1
16,17,52,65,1
17,18,104,72,1
17,18,51,49,1
17,18,44,32,1
17,18,87,32,1
17,18,63,31,1
17,18,80,2,1
17,18,25,106,1
17,18,8,43,1
18,19,41,19,1
18,19,64,4,1
18,19,82,0,1
18,19,31,0,1
18,19,100,79,1
18,19,115,26,1
18,19,7,34,1
18,19,24,76,1
19,20,10,0,1
19,20,117,110,1
19,20,77,69,1
19,20,30,9,1
19,20,39,32,1
19,20,52,24,1
19,20,42,58,1
19,20,22,51,1
20,21,32,3,1
20,21,95,27,1
20,21,74,26,1
20,21,101,27,1
20,21,89,53,1
20,21,119,82,1
20,21,63,112,1
20,21,43,92,1
21,22,101,15,1
21,22,69,45,1
21,22,41,38,1
21,22,57,1,1
21,22,109,19,1
21,22,44,33,1
21,22,53,94,1
21,22,12,29,1
22,23,47,36,1
22,23,39,22,1
22,23,59,54,1
22,23,62,27,1
22,23,92,23,1
22,23,62,58,1
22,23,44,91,1
22,23,21,93,1
23,24,116,5,1
23,24,104,64,1
23,24,90,31,1
23,24,70,39,1
23,24,103,75,1
23,24,95,50,1
23,24,22,71,1
23,24,71,117,1
24,25,43,22,1
24,25,90,79,1
24,25,80,42,1
24,25,85,40,1
24,25,79,26,1
24,25,88,36,1
24,25,9,26,1
24,25,44,88,1
25,26,119,54,1
25,26,117,22,1
25,26,85,84,1
25,26,62,32,1
25,26,73,57,1
25,26,56,47,1
25,26,3,40,1
25,26,9,46,1
26,27,108,95,1
26,27,38,37,1
26,27,93,21,1
26,27,21,8,1
26,27,95,61,1
26,27,107,26,1
26,27,109,114,1
26,27,53,105,1
27,28,105,88,1
27,28,27,24,1
27,28,18,0,1
27,28,56,43,1
27,28,70,0,1
27,28,97,13,1
27,28,49,92,1
27,28,28,34,1
28,29,115,23,1
28,29,111,19,1
28,29,34,28,1
28,29,69,5,1
28,29,112,34,1
28,29,102,46,1
28,29,40,47,1
28,29,36,85,1
29,30,42,2,1
29,30,104,11,1
29,30,100,51,1
29,30,86,25,1
29,30,93,51,1
29,30,96,71,1
29,30,12,39,1
29,30,54,76,1
30,31,113,79,1
30,31,27,0,1
30,31,25,1,1
30,31,80,2,1
30,31,61,44,1
30,31,114,70,1
30,31,10,51,1
30,31,18,63,1
31,32,83,7,1
31,32,64,1,1
31,32,76,64,1
31,32,23,3,1
31,32,60,28,1
31,32,103,30,1
31,32,28,44,1
31,32,26,27,1
32,33,85,84,1
32,33,67,21,1
32,33,21,15,1
32,33,65,59,1
32,33,90,53,1
32,33,84,82,1
32,33,11,29,1
32,33,104,110,1
33,34,37,27,1
33,34,24,8,1
33,34,83,3,1
33,34,104,10,1
33,34,112,21,1
33,34,85,55,1
33,34,33,112,1
33,34,31,98,1
34,35,87,50,1
34,35,101,17,1
34,35,71,33,1
34,35,107,25,1
34,35,76,43,1
34,35,105,29,1
34,35,64,71,1
34,35,51,78,1
35,36,112,33,1
35,36,68,46,1
35,36,59,18,1
35,36,92,36,1
35,36,41,22,1
35,36,95,39,1
35,36,0,52,1
35,36,9,93,1
36,37,23,16,1
36,37,47,46,1
36,37,89,51,1
36,37,54,6,1
36,37,12,0,1
36,37,67,27,1
36,37,92,113,1
36,37,21,57,1
37,38,38,0,1
37,38,31,21,1
37,38,41,3,1
37,38,32,26,1
37,38,89,60,1
37,38,48,43,1
37,38,49,94,1
37,38,111,115,1
38,39,92,26,1
38,39,113,55,1
38,39,68,34,1
38,39,94,56,1
38,39,65,24,1
38,39,95,60,1
38,39,7,51,1
38,39,22,23,1
39,40,81,18,1
39,40,113,50,1
39,40,52,23,1
39,40,117,53,1
39,40,30,22,1
39,40,42,4,1
39,40,62,66,1
39,40,48,102,1
40,41,65,56,1
40,41,102,37,1
40,41,61,3,1
40,41,62,24,1
40,41,90,46,1
40,41,96,5,1
40,41,36,50,1
40,41,22,58,1
41,42,79,73,1
41,42,72,40,1
41,42,111,4,1
41,42,32,21,1
41,42,119,65,1
41,42,47,45,1
41,42,13,25,1
41,42,21,63,1
42,43,22,1,1
42,43,57,52,1
42,43,47,45,1
42,43,70,26,1
42,43,88,27,1
42,43,88,75,1
42,43,2,26,1
42,43,10,44,1
43,44,101,11,1
43,44,76,57,1
43,44,40,27,1
43,44,10,0,1
43,44,46,33,1
43,44,34,28,1
43,44,42,85,1
43,44,79,113,1
44,45,103,24,1
44,45,107,26,1
44,45,103,8,1
44,45,33,11,1
44,45,80,40,1
44,45,119,10,1
44,45,74,106,1
44,45,21,31,1
45,46,102,48,1
45,46,24,5,1
45,46,111,9,1
45,46,104,57,1
45,46,94,56,1
45,46,25,12,1
45,46,55,73,1
45,46,84,112,1
46,47,73,38,1
46,47,25,10,1
46,47,30,17,1
46,47,17,0,1
46,47,111,52,1
46,47,39,8,1
46,47,30,87,1
46,47,27,33,1
47,48,24,9,1
47,48,84,68,1
47,48,72,19,1
47,48,80,30,1
47,48,93,91,1
47,48,104,67,1
47,48,22,78,1
47,48,22,48,1
48,49,86,25,1
48,49,34,24,1
48,49,55,50,1
48,49,68,25,1
48,49,26,5,1
48,49,114,18,1
48,49,60,65,1
48,49,27,101,1
49,50,80,40,1
49,50,42,0,1
49,50,83,45,1
49,50,24,9,1
49,50,95,41,1
49,50,29,22,1
49,50,80,91,1
49,50,46,48,1
50,51,24,14,1
50,51,107,59,1
50,51,34,24,1
50,51,88,49,1
50,51,79,73,1
50,51,98,26,1
50,51,3,38,1
50,51,3,30,1
51,52,72,45,1
51,52,76,8,1
51,52,50,7,1
51,52,62,45,1
51,52,119,86,1
51,52,78,51,1
51,52,2,86,1
51,52,57,99,1
52,53,56,47,1
52,53,47,9,1
52,53,37,30,1
52,53,113,50,1
52,53,117,96,1
52,53,89,28,1
52,53,57,98,1
52,53,22,53,1
53,54,24,15,1
53,54,48,5,1
53,54,66,30,1
53,54,117,102,1
53,54,92,26,1
53,54,41,38,1
53,54,25,44,1
53,54,30,32,1
54,55,29,10,1
54,55,108,100,1
54,55,110,62,1
54,55,102,22,1
54,55,22,15,1
54,55,64,52,1
54,55,72,119,1
54,55,4,89,1
55,56,36,35,1
55,56,51,1,1
55,56,113,44,1
55,56,115,26,1
55,56,8,0,1
55,56,52,50,1
55,56,6,69,1
55,56,35,64,1
56,57,96,23,1
56,57,110,40,1
56,57,111,57,1
56,57,77,19,1
56,57,107,19,1
56,57,84,33,1
56,57,37,81,1
56,57,18,87,1
57,58,110,102,1
57,58,48,25,1
57,58,78,32,1
57,58,65,4,1
57,58,62,59,1
57,58,71,52,1
57,58,21,35,1
57,58,20,28,1
58,59,72,45,1
58,59,65,42,1
58,59,31,0,1
58,59,102,21,1
58,59,40,33,1
58,59,96,11,1
58,59,11,37,1
58,59,21,93,1
59,60,96,25,1
59,60,117,108,1
59,60,112,46,1
59,60,38,18,1
59,60,97,54,1
59,60,35,11,1
59,60,55,60,1
59,60,33,78,1
60,61,30,22,1
60,61,76,24,1
60,61,57,26,1
60,61,58,28,1
60,61,111,28,1
60,61,82,3,1
60,61,11,96,1
60,61,37,102,1
61,62,37,10,1
61,62,108,11,1
61,62,64,4,1
61,62,99,24,1
61,62,52,28,1
61,62,39,24,1
61,62,29,112,1
61,62,16,50,1
62,63,77,19,1
62,63,34,10,1
62,63,109,19,1
62,63,44,10,1
62,63,39,11,1
62,63,61,37,1
62,63,26,64,1
62,63,25,71,1
63,64,39,35,1
63,64,80,42,1
63,64,54,49,1
63,64,39,28,1
63,64,39,36,1
63,64,50,19,1
63,64,33,107,1
63,64,77,101,1
64,65,74,7,1
64,65,62,51,1
64,65,94,38,1
64,65,68,27,1
64,65,58,21,1
64,65,72,39,1
64,65,26,92,1
64,65,26,53,1
65,66,71,55,1
65,66,33,4,1
65,66,56,32,1
65,66,106,97,1
65,66,28,18,1
65,66,52,24,1
65,66,6,105,1
65,66,89,98,1
66,67,94,17,1
66,67,61,57,1
66,67,99,39,1
66,67,46,0,1
66,67,55,8,1
66,67,49,21,1
66,67,38,91,1
66,67,51,109,1
67,68,74,12,1
67,68,49,30,1
67,68,68,23,1
67,68,46,16,1
67,68,72,59,1
67,68,108,14,1
67,68,56,62,1
67,68,3,48,1
68,69,44,28,1
68,69,88,29,1
68,69,22,19,1
68,69,105,103,1
68,69,77,55,1
68,69,35,33,1
68,69,45,57,1
68,69,41,71,1
69,70,98,39,1
69,70,89,65,1
69,70,117,46,1
69,70,99,86,1
69,70,56,49,1
69,70,88,56,1
69,70,3,32,1
69,70,22,49,1
70,71,50,13,1
70,71,21,14,1
70,71,21,13,1
70,71,56,15,1
70,71,112,72,1
70,71,39,36,1
70,71,31,43,1
70,71,44,45,1
71,72,57,21,1
71,72,47,2,1
71,72,96,26,1
71,72,91,45,1
71,72,40,0,1
71,72,57,53,1
71,72,70,99,1
71,72,6,57,1
72,73,52,24,1
72,73,40,21,1
72,73,43,9,1
72,73,119,58,1
72,73,61,28,1
72,73,99,52,1
72,73,3,26,1
72,73,29,80,1
73,74,117,46,1
73,74,24,21,1
73,74,95,38,1
73,74,94,93,1
73,74,69,12,1
73,74,23,1,1
73,74,23,96,1
73,74,35,52,1
74,75,106,22,1
74,75,97,87,1
74,75,69,15,1
74,75,62,55,1
74,75,79,47,1
74,75,22,17,1
74,75,36,102,1
74,75,17,24,1
75,76,99,62,1
75,76,52,36,1
75,76,98,69,1
75,76,28,2,1
75,76,52,23,1
75,76,53,51,1
75,76,43,76,1
75,76,9,29,1
76,77,13,0,1
76,77,74,27,1
76,77,99,59,1
76,77,115,65,1
76,77,69,66,1
76,77,75,31,1
76,77,109,114,1
76,77,109,114,1
77,78,86,48,1
77,78,54,39,1
77,78,29,15,1
77,78,88,38,1
77,78,39,6,1
77,78,28,0,1
77,78,4,39,1
77,78,22,53,1
78,79,77,32,1
78,79,37,11,1
78,79,99,72,1
78,79,92,61,1
78,79,101,12,1
78,79,54,24,1
78,79,43,46,1
78,79,20,55,1
79,80,95,32,1
79,80,83,54,1
79,80,101,59,1
79,80,44,3,1
79,80,119,65,1
79,80,76,54,1
79,80,111,115,1
79,80,90,113,1
80,81,83,13,1
80,81,66,20,1
80,81,34,15,1
80,81,117,110,1
80,81,39,36,1
80,81,102,35,1
80,81,47,64,1
80,81,95,108,1
81,82,78,43,1
81,82,98,64,1
81,82,30,22,1
81,82,116,69,1
81,82,76,5,1
81,82,74,2,1
81,82,27,80,1
81,82,0,22,1
82,83,91,62,1
82,83,32,22,1
82,83,97,49,1
82,83,75,8,1
82,83,59,21,1
82,83,8,0,1
82,83,29,31,1
82,83,2,108,1
83,84,102,37,1
83,84,87,18,1
83,84,99,46,1
83,84,37,0,1
83,84,59,43,1
83,84,38,31,1
83,84,61,92,1
83,84,8,62,1
84,85,71,52,1
84,85,101,71,1
84,85,85,13,1
84,85,40,33,1
84,85,117,12,1
84,85,43,6,1
84,85,22,70,1
84,85,16,21,1
85,86,61,51,1
85,86,67,47,1
85,86,36,5,1
85,86,47,40,1
85,86,111,31,1
85,86,56,54,1
85,86,75,103,1
85,86,42,54,1
86,87,82,0,1
86,87,35,26,1
86,87,96,64,1
86,87,104,11,1
86,87,106,97,1
86,87,61,37,1
86,87,24,62,1
86,87,11,81,1
87,88,99,86,1
87,88,60,11,1
87,88,64,52,1
87,88,22,2,1
87,88,104,11,1
87,88,43,33,1
87,88,29,33,1
87,88,89,112,1
88,89,65,24,1
88,89,53,20,1
88,89,74,39,1
88,89,77,46,1
88,89,72,39,1
88,89,27,7,1
88,89,56,110,1
88,89,33,92,1
89,90,118,29,1
89,90,32,28,1
89,90,21,6,1
89,90,31,9,1
89,90,81,37,1
89,90,26,9,1
89,90,0,44,1
89,90,70,119,1
90,91,10,0,1
90,91,12,0,1
90,91,106,25,1
90,91,77,34,1
90,91,64,8,1
90,91,111,40,1
90,91,16,70,1
90,91,7,79,1
91,92,92,76,1
91,92,25,7,1
91,92,76,61,1
91,92,31,22,1
91,92,26,24,1
91,92,25,5,1
91,92,8,33,1
91,92,17,30,1
92,93,31,17,1
92,93,80,40,1
92,93,66,21,1
92,93,107,50,1
92,93,76,0,1
92,93,75,42,1
92,93,0,41,1
92,93,15,51,1
93,94,40,25,1
93,94,82,25,1
93,94,75,39,1
93,94,44,25,1
93,94,65,64,1
93,94,46,13,1
93,94,2,115,1
93,94,43,67,1
94,95,30,12,1
94,95,91,38,1
94,95,37,27,1
94,95,47,32,1
94,95,62,48,1
94,95,40,26,1
94,95,23,80,1
94,95,0,12,1
95,96,78,51,1
95,96,96,36,1
95,96,41,24,1
95,96,64,47,1
95,96,27,22,1
95,96,74,12,1
95,96,57,77,1
95,96,100,118,1
96,97,58,16,1
96,97,51,37,1
96,97,87,83,1
96,97,50,34,1
96,97,43,39,1
96,97,32,21,1
96,97,104,108,1
96,97,7,64,1
97,98,111,22,1
97,98,99,86,1
97,98,73,55,1
97,98,79,22,1
97,98,47,45,1
97,98,55,50,1
97,98,12,22,1
97,98,26,41,1
98,99,36,16,1
98,99,23,15,1
98,99,54,49,1
98,99,95,33,1
98,99,58,5,1
98,99,57,53,1
98,99,12,23,1
98,99,28,110,1
99,100,57,50,1
99,100,106,0,1
99,100,112,89,1
99,100,23,1,1
99,100,56,38,1
99,100,117,18,1
99,100,58,65,1
99,100,30,67,1
100,101,83,64,1
100,101,91,27,1
100,101,33,26,1
100,101,45,27,1
100,101,65,25,1
100,101,50,7,1
100,101,14,55,1
100,101,35,53,1
101,102,52,28,1
101,102,80,23,1
101,102,41,35,1
101,102,102,10,1
101,102,77,55,1
101,102,65,3,1
101,102,27,61,1
101,102,17,90,1
102,103,47,15,1
102,103,58,53,1
102,103,66,6,1
102,103,113,90,1
102,103,51,1,1
102,103,42,26,1
102,103,29,49,1
102,103,47,68,1
103,104,97,26,1
103,104,17,0,1
103,104,84,78,1
103,104,77,47,1
103,104,108,43,1
103,104,23,11,1
103,104,55,64,1
103,104,36,66,1
104,105,29,20,1
104,105,25,0,1
104,105,57,53,1
104,105,37,28,1
104,105,33,4,1
104,105,104,53,1
104,105,42,54,1
104,105,21,44,1
105,106,76,2,1
105,106,26,0,1
105,106,49,39,1
105,106,36,33,1
105,106,42,17,1
105,106,63,32,1
105,106,52,62,1
105,106,61,85,1
106,107,63,31,1
106,107,109,89,1
106,107,81,78,1
106,107,87,25,1
106,107,66,4,1
106,107,40,0,1
106,107,56,110,1
106,107,8,103,1
107,108,60,10,1
107,108,34,4,1
107,108,18,0,1
107,108,65,24,1
107,108,30,12,1
107,108,92,28,1
107,108,58,119,1
107,108,25,82,1
108,109,89,88,1
108,109,114,109,1
108,109,54,46,1
108,109,111,48,1
108,109,63,39,1
108,109,100,39,1
108,109,40,93,1
108,109,11,110,1
109,110,34,24,1
109,110,98,31,1
109,110,117,71,1
109,110,109,89,1
109,110,37,28,1
109,110,57,53,1
109,110,69,118,1
109,110,31,58,1
110,111,73,30,1
110,111,54,1,1
110,111,33,11,1
110,111,26,1,1
110,111,50,21,1
110,111,53,18,1
110,111,53,105,1
110,111,41,72,1
111,112,116,41,1
111,112,67,43,1
111,112,34,4,1
111,112,84,27,1
111,112,27,10,1
111,112,32,4,1
111,112,37,74,1
111,112,22,117,1
112,113,116,82,1
112,113,110,47,1
112,113,89,3,1
112,113,22,15,1
112,113,95,15,1
112,113,65,37,1
112,113,103,108,1
112,113,7,39,1
113,114,119,87,1
113,114,52,11,1
113,114,90,2,1
113,114,39,38,1
113,114,111,55,1
113,114,39,21,1
113,114,61,92,1
113,114,28,89,1
114,115,102,15,1
114,115,96,28,1
114,115,48,24,1
114,115,60,2,1
114,115,94,17,1
114,115,119,21,1
114,115,89,98,1
114,115,58,62,1
115,116,76,64,1
115,116,52,32,1
115,116,36,11,1
115,116,71,40,1
115,116,54,48,1
115,116,112,23,1
115,116,34,81,1
115,116,24,52,1
116,117,26,24,1
116,117,112,46,1
116,117,33,28,1
116,117,88,56,1
116,117,51,30,1
116,117,76,53,1
116,117,23,110,1
116,117,21,61,1
117,118,111,66,1
117,118,112,69,1
117,118,115,65,1
117,118,98,21,1
117,118,46,30,1
117,118,102,34,1
117,118,42,83,1
117,118,18,27,1
118,119,48,39,1
118,119,105,6,1
118,119,113,47,1
118,119,33,26,1
118,119,56,47,1
118,119,28,6,1
118,119,85,95,1
118,119,21,45,1
119,120,17,0,1
119,120,114,89,1
119,120,110,104,1
119,120,21,10,1
119,120,47,0,1
119,120,38,29,1
119,120,9,83,1
119,120,34,116,1
120,121,102,10,1
120,121,118,69,1
120,121,50,11,1
120,121,52,5,1
120,121,64,39,1
120,121,73,45,1
120,121,58,97,1
120,121,35,88,1
121,122,93,23,1
121,122,35,26,1
121,122,37,15,1
121,122,52,40,1
121,122,94,93,1
121,122,104,92,1
121,122,41,46,1
121,122,11,77,1
122,123,79,34,1
122,123,102,52,1
122,123,83,22,1
122,123,89,88,1
122,123,35,21,1
122,123,36,10,1
122,123,44,48,1
122,123,13,107,1
123,124,51,1,1
123,124,103,92,1
123,124,53,31,1
123,124,102,48,1
123,124,63,33,1
123,124,80,56,1
123,124,13,101,1
123,124,11,34,1
124,125,73,45,1
124,125,29,17,1
124,125,4,0,1
124,125,66,7,1
124,125,113,63,1
124,125,40,3,1
124,125,36,89,1
124,125,0,32,1
125,126,50,16,1
125,126,39,36,1
125,126,51,10,1
125,126,109,40,1
125,126,100,6,1
125,126,73,38,1
125,126,17,103,1
125,126,20,74,1
126,127,108,7,1
126,127,76,57,1
126,127,92,76,1
126,127,82,18,1
126,127,97,7,1
126,127,50,4,1
126,127,57,59,1
126,127,22,24,1
127,128,83,50,1
127,128,78,25,1
127,128,101,11,1
127,128,112,46,1
127,128,95,15,1
127,128,78,43,1
127,128,17,24,1
127,128,22,85,1
128,129,28,5,1
128,129,53,26,1
128,129,29,8,1
128,129,58,26,1
128,129,100,57,1
128,129,74,62,1
128,129,68,110,1
128,129,47,87,1
129,130,100,26,1
129,130,110,47,1
129,130,115,22,1
129,130,46,28,1
129,130,100,28,1
129,130,96,25,1
129,130,29,43,1
129,130,2,76,1
130,131,89,3,1
130,131,77,55,1
130,131,59,55,1
130,131,63,62,1
130,131,42,40,1
130,131,29,18,1
130,131,21,40,1
130,131,23,91,1
131,132,81,2,1
131,132,88,53,1
131,132,94,32,1
131,132,47,6,1
131,132,101,15,1
131,132,97,44,1
131,132,65,67,1
131,132,1,57,1
132,133,58,2,1
132,133,89,83,1
132,133,106,2,1
132,133,67,65,1
132,133,102,24,1
132,133,62,32,1
132,133,29,112,1
132,133,39,63,1
133,134,105,51,1
133,134,98,74,1
133,134,72,44,1
133,134,52,35,1
133,134,29,22,1
133,134,106,57,1
133,134,70,119,1
133,134,25,44,1
134,135,74,27,1
134,135,106,29,1
134,135,39,7,1
134,135,39,8,1
134,135,81,2,1
134,135,57,20,1
134,135,1,62,1
134,135,48,111,1
135,136,92,32,1
135,136,85,71,1
135,136,97,49,1
135,136,38,29,1
135,136,48,28,1
135,136,97,30,1
135,136,46,59,1
135,136,12,21,1
136,137,67,30,1
136,137,111,55,1
136,137,67,7,1
136,137,95,57,1
136,137,82,39,1
136,137,40,22,1
136,137,25,112,1
136,137,51,66,1
137,138,103,53,1
137,138,92,34,1
137,138,85,9,1
137,138,87,32,1
137,138,70,31,1
137,138,92,36,1
137,138,1,54,1
137,138,58,80,1
138,139,51,15,1
138,139,22,18,1
138,139,35,11,1
138,139,57,11,1
138,139,27,16,1
138,139,42,35,1
138,139,17,21,1
138,139,23,63,1
139,140,84,33,1
139,140,92,26,1
139,140,84,51,1
139,140,87,18,1
139,140,32,4,1
139,140,56,29,1
139,140,21,57,1
139,140,35,75,1
140,141,69,45,1
140,141,116,41,1
140,141,23,7,1
140,141,23,4,1
140,141,63,55,1
140,141,86,31,1
140,141,38,69,1
140,141,49,102,1
141,142,84,24,1
141,142,45,11,1
141,142,88,49,1
141,142,88,65,1
141,142,78,54,1
141,142,41,21,1
141,142,35,75,1
141,142,35,52,1
142,143,26,1,1
142,143,85,69,1
142,143,22,15,1
142,143,75,71,1
142,143,103,11,1
142,143,109,67,1
142,143,37,63,1
142,143,12,107,1
143,144,119,114,1
143,144,94,56,1
143,144,114,22,1
143,144,89,76,1
143,144,6,0,1
143,144,68,16,1
143,144,26,32,1
143,144,26,33,1
144,145,44,32,1
144,145,61,45,1
144,145,39,11,1
144,145,53,0,1
144,145,83,3,1
144,145,42,10,1
144,145,41,95,1
144,145,5,77,1
145,146,33,8,1
145,146,20,0,1
145,146,82,40,1
145,146,11,0,1
145,146,56,14,1
145,146,106,0,1
145,146,35,80,1
145,146,11,79,1
146,147,93,32,1
146,147,59,29,1
146,147,86,38,1
146,147,38,0,1
146,147,64,4,1
146,147,71,58,1
146,147,21,85,1
146,147,9,24,1
147,148,31,29,1
147,148,88,45,1
147,148,29,0,1
147,148,28,21,1
147,148,43,29,1
147,148,39,0,1
147,148,60,72,1
147,148,44,56,1
148,149,107,17,1
148,149,89,33,1
148,149,83,9,1
148,149,76,21,1
148,149,27,25,1
148,149,117,102,1
148,149,14,55,1
148,149,21,44,1
149,150,52,5,1
149,150,28,0,1
149,150,83,31,1
149,150,67,53,1
149,150,56,14,1
149,150,48,7,1
149,150,57,80,1
149,150,10,31,1
150,151,61,45,1
150,151,58,31,1
150,151,67,57,1
150,151,63,51,1
150,151,62,52,1
150,151,38,19,1
150,151,28,96,1
150,151,31,53,1
151,152,64,55,1
151,152,49,31,1
151,152,87,83,1
151,152,115,33,1
151,152,67,5,1
151,152,103,35,1
151,152,38,69,1
151,152,7,64,1
152,153,77,37,1
152,153,114,46,1
152,153,41,26,1
152,153,30,9,1
152,153,51,48,1
152,153,54,42,1
152,153,3,41,1
152,153,42,88,1
153,154,94,33,1
153,154,78,26,1
153,154,68,23,1
153,154,95,39,1
153,154,90,53,1
153,154,90,86,1
153,154,29,88,1
153,154,0,59,1
154,155,24,12,1
154,155,70,68,1
154,155,57,1,1
154,155,29,20,1
154,155,63,51,1
154,155,81,47,1
154,155,43,102,1
154,155,42,85,1
155,156,115,24,1
155,156,71,34,1
155,156,71,34,1
155,156,77,58,1
155,156,118,37,1
155,156,84,82,1
155,156,11,96,1
155,156,54,58,1
156,157,96,24,1
156,157,52,19,1
156,157,95,32,1
156,157,53,20,1
156,157,22,20,1
156,157,111,52,1
156,157,37,81,1
156,157,17,103,1
157,158,109,30,1
157,158,30,6,1
157,158,105,25,1
157,158,43,9,1
157,158,47,24,1
157,158,72,12,1
157,158,35,54,1
157,158,77,101,1
158,159,80,22,1
158,159,104,67,1
158,159,61,15,1
158,159,54,6,1
158,159,44,30,1
158,159,30,2,1
158,159,9,49,1
158,159,7,83,1
159,160,38,37,1
159,160,94,8,1
159,160,81,11,1
159,160,119,12,1
159,160,27,15,1
159,160,111,22,1
159,160,61,118,1
159,160,56,75,1
160,161,88,77,1
160,161,100,2,1
160,161,101,89,1
160,161,112,29,1
160,161,94,55,1
160,161,31,4,1
160,161,33,35,1
160,161,71,108,1
161,162,87,67,1
161,162,61,15,1
161,162,42,35,1
161,162,64,2,1
161,162,34,10,1
161,162,21,16,1
161,162,71,96,1
161,162,40,42,1
162,163,104,22,1
162,163,38,7,1
162,163,73,24,1
162,163,93,51,1
162,163,77,19,1
162,163,22,16,1
162,163,55,62,1
162,163,39,60,1
163,164,99,59,1
163,164,112,72,1
163,164,109,27,1
163,164,56,50,1
163,164,39,26,1
163,164,72,31,1
163,164,67,109,1
163,164,60,90,1
164,165,16,0,1
164,165,76,41,1
164,165,68,50,1
164,165,75,22,1
164,165,60,33,1
164,165,53,5,1
164,165,56,94,1
164,165,47,55,1
165,166,51,50,1
165,166,75,18,1
165,166,65,27,1
165,166,48,0,1
165,166,108,100,1
165,166,38,37,1
165,166,46,60,1
165,166,6,38,1
166,167,98,69,1
166,167,116,5,1
166,167,51,49,1
166,167,26,15,1
166,167,45,35,1
166,167,63,27,1
166,167,24,97,1
166,167,54,67,1
167,168,62,58,1
167,168,74,73,1
167,168,27,0,1
167,168,36,24,1
167,168,117,75,1
167,168,47,21,1
167,168,25,56,1
167,168,49,67,1
168,169,89,3,1
168,169,74,12,1
168,169,88,65,1
168,169,74,39,1
168,169,76,64,1
168,169,39,16,1
168,169,10,113,1
168,169,17,25,1
169,170,71,23,1
169,170,72,41,1
169,170,74,12,1
169,170,89,51,1
169,170,74,35,1
169,170,73,66,1
169,170,26,36,1
169,170,20,57,1
170,171,82,37,1
170,171,21,15,1
170,171,62,52,1
170,171,88,39,1
170,171,69,35,1
170,171,31,10,1
170,171,22,106,1
170,171,28,81,1
171,172,87,51,1
171,172,92,43,1
171,172,55,21,1
171,172,86,37,1
171,172,34,30,1
171,172,91,62,1
171,172,23,54,1
171,172,15,64,1
172,173,109,27,1
172,173,52,32,1
172,173,53,31,1
172,173,116,28,1
172,173,81,47,1
172,173,38,19,1
172,173,92,104,1
172,173,28,106,1
173,174,17,0,1
173,174,40,3,1
173,174,105,62,1
173,174,107,17,1
173,174,88,49,1
173,174,82,34,1
173,174,49,88,1
173,174,6,43,1
174,175,44,2,1
174,175,106,0,1
174,175,77,39,1
174,175,66,4,1
174,175,103,24,1
174,175,83,29,1
174,175,6,28,1
174,175,32,117,1
175,176,50,37,1
175,176,78,75,1
175,176,38,28,1
175,176,51,40,1
175,176,35,4,1
175,176,33,27,1
175,176,14,27,1
175,176,34,36,1
176,177,26,25,1
176,177,28,0,1
176,177,61,57,1
176,177,82,29,1
176,177,24,14,1
176,177,119,72,1
176,177,28,61,1
176,177,26,58,1
177,178,27,26,1
177,178,84,31,1
177,178,69,5,1
177,178,69,56,1
177,178,54,50,1
177,178,33,23,1
177,178,2,27,1
177,178,42,107,1
178,179,115,33,1
178,179,91,24,1
178,179,56,43,1
178,179,40,34,1
178,179,42,35,1
178,179,105,86,1
178,179,26,34,1
178,179,11,57,1
