0,112
1,39
2,49
3,47
4,35
5,29
6,51
7,45
8,71
9,60
10,53
11,51
12,23
13,55
14,59
15,26
16,51
17,56
18,26
19,59
20,40
21,126
22,110
23,94
24,141
25,118
26,129
27,135
28,117
29,100
30,121
31,92
32,100
33,62
34,89
35,82
36,117
37,88
38,76
39,76
40,70
41,79
42,48
43,74
44,59
45,84
46,57
47,57
48,71
49,75
50,73
51,54
52,47
53,51
54,51
55,47
56,73
57,62
58,53
59,40
60,58
61,58
62,48
63,40
64,42
65,56
66,47
67,68
68,57
69,50
70,53
71,38
72,45
73,34
74,54
75,40
76,27
77,38
78,29
79,52
80,49
81,43
82,40
83,48
84,48
85,33
86,32
87,41
88,47
89,32
90,55
91,45
92,53
93,40
94,56
95,38
96,31
97,62
98,49
99,41
100,50
101,47
102,29
103,38
104,33
105,33
106,33
107,34
108,43
109,38
110,34
111,23
112,30
113,33
114,30
115,27
116,47
117,25
118,40
119,32
120,18
121,30
122,47
123,21
124,37
125,32
126,24
127,46
128,33
129,24
130,33
131,42
132,40
133,35
134,25
135,31
136,28
137,39
138,24
139,36
140,24
141,34
142,29
143,19
144,28
145,24
146,29
147,30
148,21
149,33
150,43
151,34
152,28
153,31
154,30
155,26
156,32
157,34
158,33
159,25
160,30
161,24
162,14
163,25
164,26
165,36
166,34
167,30
168,38
169,35
170,22
171,32
172,18
173,23
174,21
175,25
176,24
177,38
178,29
179,19
180,21
181,28
182,23
183,29
184,23
185,24
186,32
187,30
188,26
189,29
190,25
191,29
192,25
193,39
194,23
195,39
196,20
197,18
198,30
199,24
200,42
201,18
202,17
203,25
204,21
205,17
206,28
207,24
208,23
209,18
210,21
211,19
212,18
213,18
214,25
215,27
216,33
217,19
218,27
219,21
220,18
221,17
222,15
223,25
224,19
225,18
226,20
227,25
228,17
229,25
230,29
231,27
232,17
233,18
234,22
235,29
236,21
237,11
238,21
239,19
240,19
241,23
242,26
243,18
244,15
245,21
246,19
247,19
248,28
249,19
250,21
251,27
252,19
253,17
254,24
255,19
256,22
257,30
258,16
259,29
260,19
261,13
262,24
263,25
264,15
265,23
266,28
267,22
268,29
269,18
270,22
271,21
272,23
273,15
274,24
275,20
276,14
277,18
278,27
279,23
280,22
281,13
282,27
283,24
284,23
285,21
286,28
287,23
288,28
289,29
290,22
291,23
292,18
293,20
294,18
295,12
296,22
297,22
298,24
299,18
300,21
301,29
302,24
303,22
304,20
305,27
306,14
307,17
308,22
309,17
310,23
311,20
312,32
313,25
314,27
315,19
316,21
317,19
318,16
319,20
320,15
321,20
322,18
323,24
324,16
325,21
326,12
327,21
328,17
329,21
330,25
331,20
332,16
333,13
334,14
335,20
336,23
337,27
338,18
339,22
340,21
341,22
342,19
343,15
344,12
345,20
346,17
347,11
348,19
349,14
350,19
351,20
352,22
353,14
354,20
355,20
356,21
357,13
358,27
359,18
360,13
361,13
362,16
363,19
364,28
365,19
366,11
367,25
368,19
369,18
370,11
371,22
372,10
373,18
374,13
375,19
376,28
377,13
378,18
379,18
380,12
381,15
382,26
383,20
384,19
385,19
386,13
387,17
388,16
389,11
390,15
391,22
392,12
393,15
394,17
395,14
396,12
397,20
398,24
399,18
400,10
401,17
402,16
403,18
404,26
405,17
406,20
407,20
408,19
409,10
410,15
411,21
412,23
413,22
414,13
415,22
416,26
417,16
418,24
419,18
420,16
421,18
422,17
423,13
424,13
425,18
426,20
427,13
428,12
429,19
430,16
431,11
432,11
433,13
434,12
435,8
436,16
437,10
438,11
439,19
440,14
441,18
442,21
443,14
444,21
445,18
446,17
447,14
448,8
449,14
450,18
451,9
452,24
453,12
454,16
455,16
456,12
457,19
458,19
459,11
460,12
461,13
462,17
463,15
464,13
465,22
466,13
467,17
468,14
469,14
470,11
471,13
472,17
473,10
474,13
475,18
476,19
477,15
478,20
479,21
480,13
481,13
482,15
483,10
484,14
485,11
486,15
487,14
488,17
489,18
490,15
491,16
492,6
493,11
494,19
495,8
496,20
497,13
498,14
499,22
500,17
501,13
502,13
503,15
504,17
505,17
506,16
507,10
508,14
509,21
510,20
511,8
512,16
513,16
514,10
515,12
516,9
517,13
518,17
519,19
520,22
521,13
522,22
523,23
524,11
525,12
526,16
527,22
528,17
529,17
530,7
531,14
532,13
533,18
534,20
535,22
536,16
537,6
538,14
539,16
540,17
541,14
542,11
543,7
544,15
545,12
546,13
547,14
548,8
549,19
550,8
551,11
552,17
553,19
554,18
555,12
556,13
557,21
558,12
559,8
560,12
561,11
562,14
563,11
564,10
565,11
566,17
567,16
568,16
569,16
570,18
571,9
572,13
573,15
574,17
575,13
576,16
577,13
578,10
579,19
580,13
581,13
582,18
583,16
584,18
585,18
586,13
587,13
588,16
589,13
590,11
591,12
592,11
593,10
594,12
595,18
596,14
597,15
598,18
599,13
600,17
601,8
602,14
603,12
604,8
605,15
606,10
607,13
608,16
609,10
610,14
611,17
612,12
613,10
614,16
615,15
616,15
617,19
618,13
619,15
620,15
621,18
622,11
623,18
624,15
625,16
626,9
627,19
628,14
629,14
630,15
631,15
632,12
633,13
634,9
635,10
636,9
637,20
638,7
639,13
640,13
641,14
642,14
643,10
644,9
645,16
646,13
647,15
648,13
649,13
650,6
651,8
652,11
653,17
654,9
655,14
656,4
657,12
658,11
659,7
660,15
661,15
662,13
663,7
664,10
665,10
666,17
667,11
668,9
669,12
670,12
671,18
672,14
673,19
674,11
675,16
676,22
677,11
678,14
679,10
680,11
681,16
682,13
683,11
684,22
685,11
686,15
687,13
688,16
689,8
690,13
691,14
692,12
693,11
694,16
695,14
696,19
697,17
698,11
699,13
700,13
701,18
702,19
703,12
704,17
705,9
706,15
707,11
708,19
709,9
710,11
711,9
712,17
713,12
714,10
715,15
716,12
717,17
718,14
719,18
720,18
721,13
722,11
723,11
724,12
725,12
726,15
727,11
728,14
729,11
730,7
731,11
732,7
733,13
734,7
735,11
736,10
737,18
738,10
739,17
740,9
741,10
742,13
743,11
744,11
745,10
746,16
747,12
748,15
749,11
750,14
751,10
752,12
753,8
754,13
755,12
756,11
757,15
758,14
759,15
760,9
761,7
762,18
763,15
764,19
765,11
766,8
767,18
768,13
769,9
770,13
771,9
772,13
773,8
774,11
775,13
776,10
777,13
778,13
779,13
780,11
781,8
782,16
783,9
784,12
785,12
786,8
787,16
788,13
789,11
790,9
791,13
792,15
793,14
794,15
795,14
796,13
797,12
798,9
799,8
800,15
801,9
802,14
803,11
804,15
805,9
806,13
807,19
808,7
809,13
810,12
811,16
812,13
813,13
814,13
815,14
816,9
817,11
818,12
819,14
820,12
821,12
822,11
823,10
824,11
825,15
826,13
827,6
828,15
829,15
830,14
831,10
832,11
833,9
834,15
835,11
836,16
837,13
838,14
839,13
840,12
841,13
842,16
843,13
844,16
845,7
846,10
847,14
848,14
849,8
850,11
851,8
852,12
853,10
854,11
855,12
856,12
857,12
858,15
859,14
860,4
861,12
862,13
863,12
864,10
865,8
866,11
867,10
868,14
869,14
870,13
871,11
872,7
873,10
874,8
875,15
876,15
877,10
878,13
879,12
880,12
881,10
882,8
883,11
884,10
885,10
886,10
887,10
888,12
889,13
890,6
891,16
892,9
893,11
894,10
895,9
896,12
897,10
898,8
899,9
900,12
901,12
902,6
903,10
904,8
905,12
906,10
907,11
908,10
909,15
910,12
911,7
912,10
913,12
914,14
915,11
916,8
917,11
918,11
919,7
920,12
921,15
922,9
923,17
924,10
925,9
926,12
927,9
928,9
929,8
930,14
931,16
932,11
933,18
934,12
935,7
936,7
937,9
938,6
939,9
940,13
941,15
942,8
943,13
944,8
945,14
946,10
947,17
948,12
949,16
950,8
951,10
952,11
953,9
954,12
955,15
956,11
957,8
958,12
959,11
960,8
961,6
962,15
963,14
964,10
965,7
966,13
967,9
968,7
969,8
970,14
971,10
972,11
973,10
974,10
975,10
976,9
977,13
978,10
979,11
980,12
981,10
982,9
983,12
984,6
985,7
986,8
987,14
988,13
989,12
990,11
991,10
992,5
993,13
994,11
995,9
996,13
997,16
998,14
999,15
1000,9
1001,12
1002,9
1003,13
1004,8
1005,13
1006,12
1007,12
1008,11
1009,11
1010,12
1011,9
1012,11
1013,9
1014,12
1015,10
1016,13
1017,14
1018,16
1019,9
1020,12
1021,9
1022,15
1023,14
1024,9
1025,4
1026,10
1027,7
1028,9
1029,7
1030,9
1031,7
1032,11
1033,10
1034,7
1035,8
1036,12
1037,9
1038,11
1039,10
