-1,0,106,11,1
-1,0,46,33,1
-1,0,42,22,1
-1,0,54,0,1
-1,0,35,23,1
-1,0,59,17,1
-1,0,2,40,1
-1,0,2,29,1
0,1,83,1,1
0,1,103,79,1
0,1,61,31,1
0,1,32,1,1
0,1,76,33,1
0,1,42,17,1
0,1,1,25,1
0,1,3,109,1
1,2,99,86,1
1,2,29,5,1
1,2,68,18,1
1,2,64,12,1
1,2,42,39,1
1,2,104,32,1
1,2,66,97,1
1,2,8,22,1
2,3,35,28,1
2,3,71,17,1
2,3,57,22,1
2,3,40,11,1
2,3,31,28,1
2,3,95,55,1
2,3,66,103,1
2,3,57,112,1
3,4,64,61,1
3,4,25,14,1
3,4,79,12,1
3,4,80,43,1
3,4,28,10,1
3,4,56,36,1
3,4,16,47,1
3,4,39,45,1
4,5,99,13,1
4,5,49,36,1
4,5,41,26,1
4,5,118,57,1
4,5,58,27,1
4,5,40,5,1
4,5,95,99,1
4,5,1,97,1
5,6,37,35,1
5,6,60,53,1
5,6,40,16,1
5,6,75,32,1
5,6,48,27,1
5,6,25,18,1
5,6,39,90,1
5,6,50,52,1
6,7,71,6,1
6,7,112,97,1
6,7,77,18,1
6,7,71,41,1
6,7,41,26,1
6,7,25,22,1
6,7,38,59,1
6,7,50,99,1
7,8,103,6,1
7,8,75,7,1
7,8,23,5,1
7,8,82,37,1
7,8,90,26,1
7,8,67,12,1
7,8,40,115,1
7,8,75,94,1
8,9,102,19,1
8,9,44,27,1
8,9,29,15,1
8,9,109,16,1
8,9,22,17,1
8,9,27,21,1
8,9,19,69,1
8,9,24,28,1
9,10,88,43,1
9,10,51,17,1
9,10,25,21,1
9,10,119,46,1
9,10,109,3,1
9,10,33,32,1
9,10,41,115,1
9,10,2,100,1
10,11,96,94,1
10,11,38,25,1
10,11,90,5,1
10,11,97,81,1
10,11,27,16,1
10,11,89,10,1
10,11,61,72,1
10,11,51,99,1
11,12,57,28,1
11,12,75,48,1
11,12,99,67,1
11,12,114,22,1
11,12,40,27,1
11,12,77,22,1
11,12,29,31,1
11,12,22,100,1
12,13,115,52,1
12,13,58,43,1
12,13,113,19,1
12,13,65,54,1
12,13,64,30,1
12,13,87,22,1
12,13,57,79,1
12,13,68,100,1
13,14,22,17,1
13,14,24,8,1
13,14,23,0,1
13,14,42,17,1
13,14,115,43,1
13,14,43,33,1
13,14,20,43,1
13,14,10,21,1
14,15,85,24,1
14,15,28,22,1
14,15,43,39,1
14,15,58,28,1
14,15,28,22,1
14,15,25,21,1
14,15,66,72,1
14,15,32,60,1
15,16,42,5,1
15,16,57,55,1
15,16,52,27,1
15,16,31,16,1
15,16,56,31,1
15,16,115,69,1
15,16,32,49,1
15,16,45,72,1
16,17,102,47,1
16,17,35,6,1
16,17,94,51,1
16,17,37,36,1
16,17,91,59,1
16,17,109,88,1
16,17,5,73,1
16,17,5,38,1
17,18,37,1,1
17,18,28,16,1
17,18,41,26,1
17,18,84,66,1
17,18,41,0,1
17,18,78,4,1
17,18,46,64,1
17,18,34,106,1
18,19,53,0,1
18,19,112,44,1
18,19,55,31,1
18,19,34,32,1
18,19,31,10,1
18,19,62,21,1
18,19,33,79,1
18,19,19,24,1
19,20,16,0,1
19,20,38,28,1
19,20,83,35,1
19,20,60,49,1
19,20,89,68,1
19,20,53,49,1
19,20,25,91,1
19,20,50,52,1
20,21,110,39,1
20,21,28,20,1
20,21,25,4,1
20,21,116,72,1
20,21,51,25,1
20,21,26,22,1
20,21,27,54,1
20,21,9,83,1
21,22,91,36,1
21,22,78,7,1
21,22,67,23,1
21,22,28,15,1
21,22,70,40,1
21,22,85,56,1
21,22,79,117,1
21,22,50,63,1
22,23,91,51,1
22,23,36,12,1
22,23,70,13,1
22,23,108,17,1
22,23,66,30,1
22,23,99,21,1
22,23,78,108,1
22,23,22,30,1
23,24,100,88,1
23,24,107,50,1
23,24,70,61,1
23,24,53,30,1
23,24,76,13,1
23,24,104,36,1
23,24,117,119,1
23,24,54,68,1
24,25,39,4,1
24,25,103,22,1
24,25,33,20,1
24,25,76,1,1
24,25,81,60,1
24,25,51,36,1
24,25,9,42,1
24,25,35,66,1
25,26,55,29,1
25,26,31,20,1
25,26,27,8,1
25,26,111,13,1
25,26,108,33,1
25,26,66,21,1
25,26,13,101,1
25,26,46,63,1
26,27,25,5,1
26,27,83,1,1
26,27,53,37,1
26,27,115,26,1
26,27,31,21,1
26,27,54,29,1
26,27,21,72,1
26,27,18,27,1
27,28,106,73,1
27,28,82,59,1
27,28,42,35,1
27,28,115,43,1
27,28,119,32,1
27,28,110,18,1
27,28,17,54,1
27,28,34,41,1
28,29,85,51,1
28,29,107,26,1
28,29,30,2,1
28,29,96,73,1
28,29,24,1,1
28,29,111,54,1
28,29,46,107,1
28,29,37,49,1
29,30,102,52,1
29,30,42,33,1
29,30,39,30,1
29,30,30,28,1
29,30,110,61,1
29,30,60,32,1
29,30,8,106,1
29,30,48,115,1
30,31,30,6,1
30,31,118,43,1
30,31,34,21,1
30,31,90,5,1
30,31,94,40,1
30,31,101,0,1
30,31,15,23,1
30,31,57,79,1
31,32,111,56,1
31,32,39,37,1
31,32,29,10,1
31,32,47,0,1
31,32,41,40,1
31,32,119,75,1
31,32,27,88,1
31,32,17,71,1
32,33,25,22,1
32,33,81,20,1
32,33,71,45,1
32,33,53,0,1
32,33,119,46,1
32,33,94,13,1
32,33,43,68,1
32,33,14,88,1
33,34,24,3,1
33,34,34,23,1
33,34,81,19,1
33,34,87,39,1
33,34,107,95,1
33,34,65,28,1
33,34,17,51,1
33,34,20,27,1
34,35,94,22,1
34,35,106,13,1
34,35,71,45,1
34,35,68,49,1
34,35,37,27,1
34,35,27,17,1
34,35,38,104,1
34,35,18,31,1
35,36,58,25,1
35,36,75,37,1
35,36,82,30,1
35,36,37,18,1
35,36,77,36,1
35,36,36,10,1
35,36,6,81,1
35,36,109,117,1
36,37,69,33,1
36,37,102,41,1
36,37,43,7,1
36,37,21,8,1
36,37,93,37,1
36,37,71,32,1
36,37,33,44,1
36,37,19,24,1
37,38,66,32,1
37,38,70,25,1
37,38,56,42,1
37,38,48,8,1
37,38,73,23,1
37,38,82,17,1
37,38,45,112,1
37,38,23,92,1
38,39,70,41,1
38,39,88,55,1
38,39,73,4,1
38,39,49,28,1
38,39,62,25,1
38,39,37,2,1
38,39,38,54,1
38,39,13,25,1
39,40,56,14,1
39,40,66,32,1
39,40,116,24,1
39,40,64,27,1
39,40,97,11,1
39,40,84,22,1
39,40,0,57,1
39,40,5,82,1
40,41,116,81,1
40,41,41,9,1
40,41,118,73,1
40,41,53,4,1
40,41,53,31,1
40,41,28,21,1
40,41,10,85,1
40,41,78,110,1
41,42,60,44,1
41,42,115,41,1
41,42,111,22,1
41,42,112,14,1
41,42,68,6,1
41,42,108,42,1
41,42,22,80,1
41,42,33,35,1
42,43,68,26,1
42,43,2,0,1
42,43,67,53,1
42,43,88,55,1
42,43,32,22,1
42,43,95,47,1
42,43,33,79,1
42,43,90,112,1
43,44,110,54,1
43,44,66,15,1
43,44,91,43,1
43,44,65,39,1
43,44,115,68,1
43,44,44,5,1
43,44,8,23,1
43,44,45,80,1
44,45,89,50,1
44,45,49,37,1
44,45,43,28,1
44,45,43,9,1
44,45,115,107,1
44,45,46,20,1
44,45,26,46,1
44,45,42,108,1
45,46,118,34,1
45,46,61,20,1
45,46,82,51,1
45,46,69,33,1
45,46,57,22,1
45,46,33,27,1
45,46,2,56,1
45,46,22,94,1
46,47,75,48,1
46,47,101,43,1
46,47,30,25,1
46,47,33,5,1
46,47,110,70,1
46,47,88,40,1
46,47,27,108,1
46,47,79,117,1
47,48,42,22,1
47,48,90,73,1
47,48,51,17,1
47,48,46,33,1
47,48,107,78,1
47,48,87,39,1
47,48,15,33,1
47,48,42,117,1
48,49,42,25,1
48,49,71,34,1
48,49,92,15,1
48,49,56,19,1
48,49,48,2,1
48,49,47,8,1
48,49,32,39,1
48,49,8,78,1
49,50,34,23,1
49,50,50,4,1
49,50,27,11,1
49,50,118,99,1
49,50,69,68,1
49,50,105,31,1
49,50,83,115,1
49,50,10,105,1
50,51,95,17,1
50,51,69,19,1
50,51,103,34,1
50,51,79,52,1
50,51,67,0,1
50,51,95,40,1
50,51,42,77,1
50,51,28,68,1
51,52,110,28,1
51,52,63,3,1
51,52,93,30,1
51,52,39,5,1
51,52,112,50,1
51,52,104,43,1
51,52,37,47,1
51,52,4,75,1
52,53,73,28,1
52,53,111,106,1
52,53,75,52,1
52,53,94,37,1
52,53,71,48,1
52,53,115,92,1
52,53,33,112,1
52,53,9,43,1
53,54,25,21,1
53,54,101,50,1
53,54,103,32,1
53,54,53,0,1
53,54,68,38,1
53,54,113,59,1
53,54,59,61,1
53,54,92,115,1
54,55,24,16,1
54,55,35,23,1
54,55,59,30,1
54,55,50,39,1
54,55,25,20,1
54,55,83,75,1
54,55,21,62,1
54,55,66,94,1
55,56,105,53,1
55,56,83,73,1
55,56,74,57,1
55,56,24,12,1
55,56,52,17,1
55,56,91,27,1
55,56,0,53,1
55,56,3,32,1
56,57,93,85,1
56,57,80,51,1
56,57,104,38,1
56,57,96,87,1
56,57,79,12,1
56,57,95,44,1
56,57,5,71,1
56,57,21,62,1
57,58,61,19,1
57,58,85,76,1
57,58,89,44,1
57,58,104,26,1
57,58,98,73,1
57,58,49,28,1
57,58,63,104,1
57,58,20,25,1
58,59,96,55,1
58,59,33,17,1
58,59,56,14,1
58,59,62,31,1
58,59,25,0,1
58,59,118,114,1
58,59,39,40,1
58,59,6,33,1
59,60,40,34,1
59,60,42,24,1
59,60,63,25,1
59,60,100,37,1
59,60,84,22,1
59,60,54,26,1
59,60,10,45,1
59,60,4,108,1
60,61,95,52,1
60,61,24,4,1
60,61,98,69,1
60,61,55,49,1
60,61,28,11,1
60,61,32,23,1
60,61,8,28,1
60,61,24,55,1
61,62,86,8,1
61,62,57,14,1
61,62,57,37,1
61,62,41,8,1
61,62,39,30,1
61,62,79,74,1
61,62,91,93,1
61,62,38,39,1
62,63,107,95,1
62,63,75,4,1
62,63,91,76,1
62,63,33,5,1
62,63,72,66,1
62,63,45,19,1
62,63,46,61,1
62,63,0,16,1
63,64,118,79,1
63,64,82,50,1
63,64,11,0,1
63,64,77,9,1
63,64,105,31,1
63,64,11,0,1
63,64,52,99,1
63,64,39,65,1
64,65,23,4,1
64,65,109,57,1
64,65,34,1,1
64,65,78,76,1
64,65,70,66,1
64,65,54,52,1
64,65,14,29,1
64,65,35,106,1
65,66,105,80,1
65,66,28,5,1
65,66,71,47,1
65,66,31,17,1
65,66,57,28,1
65,66,72,67,1
65,66,48,57,1
65,66,22,104,1
66,67,28,18,1
66,67,110,34,1
66,67,95,44,1
66,67,75,39,1
66,67,69,47,1
66,67,103,66,1
66,67,20,30,1
66,67,102,113,1
67,68,43,15,1
67,68,55,52,1
67,68,43,39,1
67,68,85,76,1
67,68,74,13,1
67,68,113,77,1
67,68,66,72,1
67,68,100,113,1
68,69,102,19,1
68,69,106,95,1
68,69,87,40,1
68,69,84,56,1
68,69,33,28,1
68,69,41,21,1
68,69,0,24,1
68,69,34,50,1
69,70,92,15,1
69,70,30,1,1
69,70,79,11,1
69,70,55,3,1
69,70,103,24,1
69,70,78,7,1
69,70,40,49,1
69,70,19,21,1
70,71,67,12,1
70,71,42,40,1
70,71,83,60,1
70,71,71,46,1
70,71,101,5,1
70,71,103,34,1
70,71,8,25,1
70,71,75,116,1
71,72,21,7,1
71,72,119,59,1
71,72,87,3,1
71,72,50,15,1
71,72,87,24,1
71,72,26,12,1
71,72,22,59,1
71,72,24,30,1
72,73,78,51,1
72,73,74,66,1
72,73,59,57,1
72,73,68,49,1
72,73,99,67,1
72,73,102,72,1
72,73,23,39,1
72,73,62,100,1
73,74,92,71,1
73,74,64,4,1
73,74,72,3,1
73,74,110,92,1
73,74,108,78,1
73,74,90,46,1
73,74,30,66,1
73,74,51,71,1
74,75,57,53,1
74,75,103,102,1
74,75,66,32,1
74,75,64,2,1
74,75,119,25,1
74,75,60,0,1
74,75,39,40,1
74,75,17,105,1
75,76,28,17,1
75,76,31,10,1
75,76,65,14,1
75,76,55,29,1
75,76,36,3,1
75,76,89,10,1
75,76,11,115,1
75,76,18,24,1
76,77,61,39,1
76,77,76,10,1
76,77,64,43,1
76,77,21,18,1
76,77,102,70,1
76,77,36,19,1
76,77,68,100,1
76,77,84,93,1
77,78,81,73,1
77,78,98,22,1
77,78,37,2,1
77,78,26,11,1
77,78,24,19,1
77,78,111,6,1
77,78,2,73,1
77,78,25,47,1
78,79,75,39,1
78,79,60,49,1
78,79,23,22,1
78,79,82,51,1
78,79,57,28,1
78,79,82,79,1
78,79,79,82,1
78,79,0,48,1
79,80,90,73,1
79,80,44,15,1
79,80,53,31,1
79,80,94,81,1
79,80,84,66,1
79,80,38,9,1
79,80,48,57,1
79,80,35,44,1
80,81,75,26,1
80,81,65,46,1
80,81,117,99,1
80,81,109,17,1
80,81,24,1,1
80,81,88,22,1
80,81,32,55,1
80,81,22,88,1
81,82,119,46,1
81,82,97,67,1
81,82,58,24,1
81,82,51,0,1
81,82,24,3,1
81,82,103,102,1
81,82,20,29,1
81,82,15,71,1
82,83,57,30,1
82,83,71,45,1
82,83,80,60,1
82,83,116,1,1
82,83,27,14,1
82,83,78,55,1
82,83,33,81,1
82,83,61,115,1
83,84,106,38,1
83,84,113,29,1
83,84,89,56,1
83,84,89,6,1
83,84,85,7,1
83,84,76,40,1
83,84,10,86,1
83,84,40,83,1
84,85,49,36,1
84,85,41,23,1
84,85,107,90,1
84,85,64,4,1
84,85,108,34,1
84,85,87,35,1
84,85,50,101,1
84,85,8,30,1
85,86,41,26,1
85,86,59,15,1
85,86,89,26,1
85,86,72,42,1
85,86,55,34,1
85,86,83,40,1
85,86,42,51,1
85,86,21,31,1
86,87,34,23,1
86,87,113,36,1
86,87,95,32,1
86,87,29,2,1
86,87,58,38,1
86,87,66,17,1
86,87,59,119,1
86,87,55,84,1
87,88,42,39,1
87,88,106,73,1
87,88,42,17,1
87,88,32,27,1
87,88,89,43,1
87,88,54,33,1
87,88,63,90,1
87,88,10,34,1
88,89,103,75,1
88,89,109,48,1
88,89,118,27,1
88,89,116,91,1
88,89,75,4,1
88,89,94,66,1
88,89,34,117,1
88,89,27,34,1
89,90,67,20,1
89,90,113,80,1
89,90,22,10,1
89,90,66,35,1
89,90,72,23,1
89,90,69,68,1
89,90,66,72,1
89,90,87,111,1
90,91,23,12,1
90,91,27,0,1
90,91,54,33,1
90,91,54,25,1
90,91,107,82,1
90,91,63,35,1
90,91,65,68,1
90,91,38,60,1
91,92,28,22,1
91,92,108,27,1
91,92,47,17,1
91,92,112,59,1
91,92,103,32,1
91,92,53,43,1
91,92,26,91,1
91,92,4,47,1
92,93,50,48,1
92,93,115,4,1
92,93,54,33,1
92,93,97,82,1
92,93,78,4,1
92,93,67,6,1
92,93,45,111,1
92,93,24,26,1
93,94,38,9,1
93,94,34,10,1
93,94,63,4,1
93,94,68,65,1
93,94,85,11,1
93,94,42,22,1
93,94,27,44,1
93,94,18,101,1
94,95,22,2,1
94,95,62,48,1
94,95,39,5,1
94,95,58,56,1
94,95,32,2,1
94,95,24,6,1
94,95,67,83,1
94,95,0,12,1
95,96,72,66,1
95,96,108,61,1
95,96,77,43,1
95,96,90,46,1
95,96,48,0,1
95,96,92,46,1
95,96,22,45,1
95,96,40,42,1
96,97,98,80,1
96,97,74,40,1
96,97,111,54,1
96,97,29,17,1
96,97,40,5,1
96,97,35,19,1
96,97,22,31,1
96,97,17,118,1
97,98,79,36,1
97,98,68,66,1
97,98,108,6,1
97,98,118,22,1
97,98,73,43,1
97,98,37,25,1
97,98,1,73,1
97,98,4,47,1
98,99,52,39,1
98,99,21,13,1
98,99,54,16,1
98,99,96,27,1
98,99,73,34,1
98,99,106,93,1
98,99,2,117,1
98,99,24,105,1
99,100,82,5,1
99,100,58,26,1
99,100,109,39,1
99,100,112,90,1
99,100,77,28,1
99,100,66,58,1
99,100,51,106,1
99,100,25,29,1
100,101,23,7,1
100,101,70,45,1
100,101,84,26,1
100,101,88,43,1
100,101,82,11,1
100,101,44,17,1
100,101,37,82,1
100,101,0,84,1
101,102,23,22,1
101,102,21,6,1
101,102,21,7,1
101,102,95,5,1
101,102,65,46,1
101,102,56,2,1
101,102,22,98,1
101,102,21,33,1
102,103,59,15,1
102,103,88,46,1
102,103,37,10,1
102,103,69,67,1
102,103,109,3,1
102,103,113,100,1
102,103,4,39,1
102,103,0,15,1
103,104,24,2,1
103,104,101,5,1
103,104,93,31,1
103,104,8,0,1
103,104,78,73,1
103,104,82,37,1
103,104,18,68,1
103,104,8,24,1
104,105,92,15,1
104,105,44,26,1
104,105,60,16,1
104,105,102,33,1
104,105,115,17,1
104,105,109,57,1
104,105,16,40,1
104,105,18,31,1
105,106,35,22,1
105,106,100,41,1
105,106,26,12,1
105,106,39,4,1
105,106,81,62,1
105,106,111,106,1
105,106,39,40,1
105,106,51,103,1
106,107,37,2,1
106,107,88,53,1
106,107,55,32,1
106,107,38,21,1
106,107,93,84,1
106,107,76,25,1
106,107,25,27,1
106,107,28,98,1
107,108,96,64,1
107,108,99,31,1
107,108,48,28,1
107,108,30,22,1
107,108,39,8,1
107,108,34,16,1
107,108,15,26,1
107,108,81,110,1
108,109,87,46,1
108,109,110,34,1
108,109,64,57,1
108,109,70,27,1
108,109,37,22,1
108,109,113,32,1
108,109,56,98,1
108,109,46,62,1
109,110,108,35,1
109,110,86,30,1
109,110,98,17,1
109,110,71,17,1
109,110,52,16,1
109,110,37,13,1
109,110,2,37,1
109,110,106,108,1
110,111,115,26,1
110,111,85,11,1
110,111,26,0,1
110,111,102,76,1
110,111,48,16,1
110,111,111,101,1
110,111,70,85,1
110,111,7,23,1
111,112,113,9,1
111,112,30,24,1
111,112,45,26,1
111,112,58,17,1
111,112,102,21,1
111,112,94,38,1
111,112,15,46,1
111,112,51,99,1
112,113,64,31,1
112,113,44,27,1
112,113,85,28,1
112,113,58,26,1
112,113,50,40,1
112,113,46,32,1
112,113,49,117,1
112,113,31,53,1
113,114,70,40,1
113,114,41,40,1
113,114,47,32,1
113,114,78,29,1
113,114,100,18,1
113,114,30,0,1
113,114,24,81,1
113,114,6,101,1
114,115,92,23,1
114,115,71,48,1
114,115,42,18,1
114,115,90,59,1
114,115,94,66,1
114,115,37,31,1
114,115,50,65,1
114,115,76,91,1
115,116,33,5,1
115,116,71,51,1
115,116,69,47,1
115,116,40,24,1
115,116,115,92,1
115,116,62,21,1
115,116,0,75,1
115,116,70,100,1
116,117,42,22,1
116,117,47,25,1
116,117,39,25,1
116,117,97,81,1
116,117,25,20,1
116,117,57,25,1
116,117,23,36,1
116,117,67,69,1
117,118,59,35,1
117,118,103,79,1
117,118,60,14,1
117,118,92,35,1
117,118,46,27,1
117,118,82,36,1
117,118,22,94,1
117,118,15,37,1
118,119,51,27,1
118,119,77,50,1
118,119,117,44,1
118,119,34,9,1
118,119,47,34,1
118,119,113,25,1
118,119,55,84,1
118,119,29,57,1
119,120,95,44,1
119,120,66,16,1
119,120,109,65,1
119,120,11,0,1
119,120,70,25,1
119,120,107,53,1
119,120,23,53,1
119,120,25,88,1
120,121,37,35,1
120,121,54,50,1
120,121,59,15,1
120,121,107,82,1
120,121,108,33,1
120,121,113,33,1
120,121,57,91,1
120,121,38,50,1
121,122,98,28,1
121,122,101,37,1
121,122,101,13,1
121,122,112,31,1
121,122,30,5,1
121,122,72,54,1
121,122,49,60,1
121,122,36,107,1
122,123,40,9,1
122,123,67,34,1
122,123,39,32,1
122,123,75,15,1
122,123,44,35,1
122,123,53,43,1
122,123,38,64,1
122,123,49,117,1
123,124,57,20,1
123,124,118,57,1
123,124,117,0,1
123,124,93,84,1
123,124,51,10,1
123,124,66,16,1
123,124,50,63,1
123,124,106,111,1
124,125,75,4,1
124,125,72,19,1
124,125,97,66,1
124,125,35,3,1
124,125,19,0,1
124,125,81,1,1
124,125,42,69,1
124,125,35,66,1
125,126,44,5,1
125,126,110,16,1
125,126,63,61,1
125,126,115,69,1
125,126,67,9,1
125,126,44,31,1
125,126,13,21,1
125,126,37,39,1
126,127,87,83,1
126,127,104,27,1
126,127,101,3,1
126,127,34,20,1
126,127,81,74,1
126,127,74,5,1
126,127,43,104,1
126,127,21,99,1
127,128,67,9,1
127,128,103,32,1
127,128,36,13,1
127,128,53,10,1
127,128,58,26,1
127,128,114,33,1
127,128,97,109,1
127,128,5,22,1
128,129,103,5,1
128,129,59,6,1
128,129,69,26,1
128,129,26,10,1
128,129,29,17,1
128,129,51,6,1
128,129,16,94,1
128,129,22,60,1
129,130,85,67,1
129,130,63,16,1
129,130,22,15,1
129,130,49,38,1
129,130,21,9,1
129,130,83,21,1
129,130,32,75,1
129,130,10,36,1
130,131,72,67,1
130,131,40,20,1
130,131,31,28,1
130,131,104,38,1
130,131,42,31,1
130,131,105,3,1
130,131,29,113,1
130,131,44,94,1
131,132,39,8,1
131,132,42,26,1
131,132,115,92,1
131,132,104,32,1
131,132,30,14,1
131,132,85,32,1
131,132,10,53,1
131,132,69,98,1
132,133,104,92,1
132,133,66,31,1
132,133,52,28,1
132,133,102,29,1
132,133,77,9,1
132,133,40,24,1
132,133,10,29,1
132,133,12,67,1
133,134,76,15,1
133,134,48,37,1
133,134,80,17,1
133,134,106,34,1
133,134,53,51,1
133,134,108,24,1
133,134,22,83,1
133,134,66,111,1
134,135,77,42,1
134,135,47,9,1
134,135,42,38,1
134,135,54,17,1
134,135,27,21,1
134,135,88,74,1
134,135,46,92,1
134,135,55,57,1
135,136,28,16,1
135,136,49,22,1
135,136,44,9,1
135,136,33,22,1
135,136,40,9,1
135,136,89,9,1
135,136,24,33,1
135,136,79,82,1
136,137,47,8,1
136,137,30,20,1
136,137,95,74,1
136,137,24,21,1
136,137,27,0,1
136,137,100,68,1
136,137,5,31,1
136,137,6,89,1
137,138,60,26,1
137,138,33,27,1
137,138,50,12,1
137,138,90,22,1
137,138,76,4,1
137,138,89,50,1
137,138,28,77,1
137,138,10,85,1
138,139,117,38,1
138,139,114,90,1
138,139,69,42,1
138,139,43,20,1
138,139,112,0,1
138,139,24,9,1
138,139,27,83,1
138,139,77,104,1
139,140,82,35,1
139,140,113,77,1
139,140,57,55,1
139,140,23,19,1
139,140,53,31,1
139,140,63,53,1
139,140,34,55,1
139,140,32,90,1
140,141,45,21,1
140,141,82,59,1
140,141,23,12,1
140,141,22,1,1
140,141,108,29,1
140,141,26,16,1
140,141,32,49,1
140,141,51,58,1
141,142,36,32,1
141,142,43,38,1
141,142,103,75,1
141,142,83,35,1
141,142,52,43,1
141,142,114,22,1
141,142,50,101,1
141,142,31,53,1
142,143,55,25,1
142,143,66,31,1
142,143,116,0,1
142,143,56,25,1
142,143,87,63,1
142,143,60,56,1
142,143,57,118,1
142,143,2,40,1
143,144,69,68,1
143,144,84,40,1
143,144,104,28,1
143,144,118,11,1
143,144,55,30,1
143,144,101,5,1
143,144,23,72,1
143,144,25,80,1
144,145,4,0,1
144,145,61,6,1
144,145,30,28,1
144,145,28,21,1
144,145,111,8,1
144,145,116,56,1
144,145,20,56,1
144,145,97,118,1
145,146,28,0,1
145,146,116,61,1
145,146,32,1,1
145,146,35,5,1
145,146,33,19,1
145,146,41,0,1
145,146,40,109,1
145,146,26,38,1
146,147,39,33,1
146,147,114,11,1
146,147,44,13,1
146,147,107,36,1
146,147,23,9,1
146,147,55,10,1
146,147,96,111,1
146,147,8,111,1
147,148,32,30,1
147,148,90,36,1
147,148,65,32,1
147,148,99,8,1
147,148,111,54,1
147,148,87,40,1
147,148,16,26,1
147,148,37,52,1
148,149,72,52,1
148,149,63,61,1
148,149,70,40,1
148,149,74,13,1
148,149,81,56,1
148,149,64,27,1
148,149,38,59,1
148,149,3,29,1
149,150,115,54,1
149,150,68,41,1
149,150,49,28,1
149,150,76,12,1
149,150,34,22,1
149,150,119,4,1
149,150,35,66,1
149,150,25,26,1
150,151,75,4,1
150,151,83,62,1
150,151,31,21,1
150,151,113,111,1
150,151,71,41,1
150,151,96,57,1
150,151,36,68,1
150,151,23,32,1
151,152,60,0,1
151,152,25,9,1
151,152,30,20,1
151,152,108,33,1
151,152,114,22,1
151,152,38,25,1
151,152,43,77,1
151,152,8,41,1
152,153,89,9,1
152,153,92,46,1
152,153,55,48,1
152,153,49,31,1
152,153,45,39,1
152,153,37,22,1
152,153,55,99,1
152,153,59,70,1
153,154,56,31,1
153,154,112,0,1
153,154,92,20,1
153,154,42,24,1
153,154,114,113,1
153,154,100,24,1
153,154,36,65,1
153,154,27,104,1
154,155,80,34,1
154,155,92,46,1
154,155,89,57,1
154,155,44,5,1
154,155,115,61,1
154,155,74,25,1
154,155,53,58,1
154,155,18,22,1
155,156,76,25,1
155,156,78,6,1
155,156,61,19,1
155,156,56,5,1
155,156,53,30,1
155,156,72,43,1
155,156,6,69,1
155,156,47,116,1
156,157,116,75,1
156,157,94,38,1
156,157,78,6,1
156,157,21,6,1
156,157,39,35,1
156,157,47,41,1
156,157,39,109,1
156,157,7,21,1
157,158,88,43,1
157,158,33,19,1
157,158,79,30,1
157,158,76,37,1
157,158,90,75,1
157,158,80,53,1
157,158,3,57,1
157,158,44,67,1
158,159,32,1,1
158,159,74,22,1
158,159,38,21,1
158,159,70,28,1
158,159,84,53,1
158,159,72,45,1
158,159,13,106,1
158,159,40,115,1
159,160,83,23,1
159,160,101,0,1
159,160,94,68,1
159,160,33,28,1
159,160,87,7,1
159,160,91,24,1
159,160,11,79,1
159,160,16,108,1
160,161,81,56,1
160,161,103,22,1
160,161,72,54,1
160,161,82,55,1
160,161,86,67,1
160,161,58,0,1
160,161,67,99,1
160,161,0,39,1
161,162,108,78,1
161,162,109,106,1
161,162,27,20,1
161,162,80,12,1
161,162,41,22,1
161,162,85,70,1
161,162,25,36,1
161,162,8,37,1
162,163,69,23,1
162,163,43,33,1
162,163,111,54,1
162,163,37,10,1
162,163,98,52,1
162,163,68,3,1
162,163,5,25,1
162,163,17,21,1
163,164,107,36,1
163,164,74,41,1
163,164,21,14,1
163,164,23,19,1
163,164,76,27,1
163,164,33,5,1
163,164,3,24,1
163,164,54,88,1
164,165,110,78,1
164,165,45,0,1
164,165,12,0,1
164,165,75,26,1
164,165,81,15,1
164,165,51,49,1
164,165,63,116,1
164,165,14,98,1
165,166,55,34,1
165,166,44,15,1
165,166,48,16,1
165,166,55,21,1
165,166,31,2,1
165,166,113,39,1
165,166,29,78,1
165,166,21,98,1
166,167,99,55,1
166,167,108,88,1
166,167,65,34,1
166,167,102,19,1
166,167,114,11,1
166,167,106,51,1
166,167,46,73,1
166,167,71,79,1
167,168,52,44,1
167,168,83,9,1
167,168,42,26,1
167,168,53,4,1
167,168,42,40,1
167,168,83,23,1
167,168,90,112,1
167,168,67,79,1
168,169,116,72,1
168,169,115,40,1
168,169,21,13,1
168,169,58,18,1
168,169,88,22,1
168,169,105,3,1
168,169,21,79,1
168,169,41,59,1
169,170,51,50,1
169,170,58,0,1
169,170,38,5,1
169,170,57,25,1
169,170,29,5,1
169,170,38,26,1
169,170,24,108,1
169,170,21,41,1
170,171,68,41,1
170,171,86,59,1
170,171,97,42,1
170,171,46,21,1
170,171,96,37,1
170,171,57,5,1
170,171,40,87,1
170,171,79,82,1
171,172,47,14,1
171,172,112,0,1
171,172,66,32,1
171,172,76,36,1
171,172,60,33,1
171,172,34,3,1
171,172,114,117,1
171,172,84,93,1
172,173,93,85,1
172,173,63,53,1
172,173,58,18,1
172,173,24,8,1
172,173,52,16,1
172,173,114,76,1
172,173,41,47,1
172,173,52,90,1
173,174,86,2,1
173,174,46,32,1
173,174,41,20,1
173,174,24,3,1
173,174,72,54,1
173,174,33,28,1
173,174,30,73,1
173,174,43,44,1
174,175,67,36,1
174,175,108,61,1
174,175,35,28,1
174,175,31,21,1
174,175,117,2,1
174,175,72,3,1
174,175,31,61,1
174,175,21,101,1
175,176,48,8,1
175,176,100,88,1
175,176,54,30,1
175,176,27,11,1
175,176,79,39,1
175,176,44,38,1
175,176,11,41,1
175,176,46,87,1
176,177,108,61,1
176,177,105,20,1
176,177,22,20,1
176,177,45,38,1
176,177,98,80,1
176,177,60,49,1
176,177,22,71,1
176,177,44,52,1
177,178,41,35,1
177,178,81,24,1
177,178,66,17,1
177,178,32,5,1
177,178,72,54,1
177,178,103,23,1
177,178,34,76,1
177,178,40,90,1
178,179,44,23,1
178,179,40,28,1
178,179,77,45,1
178,179,53,22,1
178,179,97,66,1
178,179,86,77,1
178,179,15,22,1
178,179,26,46,1
