0,94
1,84
2,80
3,92
4,50
5,94
6,72
7,70
8,44
9,100
10,94
11,64
12,78
13,72
14,32
15,82
16,64
17,98
18,78
19,32
20,92
21,84
22,58
23,66
24,74
25,84
26,118
27,40
28,66
29,112
30,86
31,82
32,30
33,80
34,72
35,60
36,42
37,84
38,92
39,86
40,44
41,44
42,44
43,96
44,68
45,60
46,64
47,64
48,62
49,20
50,88
51,52
52,56
53,60
54,62
55,88
56,70
57,54
58,82
59,74
60,82
61,70
62,68
63,88
64,64
65,56
66,56
67,40
68,64
69,44
70,88
71,46
72,52
73,72
74,32
75,92
76,90
77,50
78,76
79,94
80,86
81,64
82,86
83,62
84,46
85,56
86,60
87,66
88,78
89,84
90,76
91,56
92,110
93,52
94,46
95,46
96,68
97,80
98,62
99,32
100,102
101,32
102,72
103,88
104,98
105,76
106,70
107,80
108,66
109,44
110,60
111,82
112,54
113,30
114,40
115,74
116,70
117,70
118,66
119,58
120,68
121,78
122,56
123,82
124,36
125,58
126,100
127,104
128,44
129,42
130,72
131,66
132,86
133,68
134,70
135,56
136,38
137,84
138,118
139,62
140,102
141,60
142,70
143,54
144,68
145,80
146,40
147,72
148,62
149,64
150,38
151,74
152,108
153,44
154,88
155,80
156,54
157,82
158,46
159,80
160,66
161,46
162,60
163,102
164,86
165,86
166,92
167,82
168,58
169,62
170,36
171,70
172,64
173,70
174,86
175,54
176,94
177,114
178,54
179,32
180,54
181,56
182,60
183,72
184,110
185,76
186,94
187,84
188,72
189,80
190,74
191,94
192,102
193,56
194,44
195,68
196,38
197,96
198,76
199,82
200,50
201,48
202,66
203,56
204,92
205,76
206,82
207,86
208,80
209,82
210,86
211,70
212,76
213,90
214,90
215,54
216,44
217,68
218,80
219,92
220,72
221,60
222,68
223,72
224,92
225,66
226,72
227,98
228,70
229,40
230,84
231,44
232,54
233,58
234,42
235,76
236,66
237,98
238,66
239,74
240,40
241,56
242,56
243,108
244,86
245,84
246,62
247,110
248,84
249,58
250,92
251,26
252,86
253,88
254,96
255,62
256,50
257,54
258,74
259,68
260,62
261,48
262,64
263,78
264,64
265,44
266,70
267,64
268,72
269,84
270,74
271,62
272,60
273,80
274,96
275,40
276,46
277,78
278,60
279,76
280,84
281,62
282,90
283,62
284,70
285,58
286,50
287,72
288,82
289,52
290,42
291,32
292,82
293,54
294,50
295,80
296,52
297,80
298,44
299,88
300,54
301,38
302,70
303,54
304,78
305,70
306,100
307,72
308,84
309,70
310,98
311,38
312,58
313,80
314,42
315,56
316,60
317,34
318,48
319,94
320,56
321,106
322,72
323,64
324,30
325,56
326,72
327,88
328,30
329,58
330,96
331,34
332,60
333,74
334,82
335,90
336,78
337,46
338,72
339,58
340,64
341,104
342,106
343,88
344,76
345,116
346,66
347,76
348,106
349,44
350,58
351,92
352,36
353,64
354,48
355,102
356,40
357,62
358,64
359,44
360,80
361,32
362,62
363,40
364,102
365,86
366,86
367,38
368,52
369,26
370,52
371,74
372,90
373,74
374,24
375,108
376,78
377,78
378,104
379,86
380,76
381,94
382,46
383,86
384,56
385,90
386,28
387,42
388,52
389,54
390,88
391,54
392,74
393,86
394,54
395,58
396,82
397,58
398,50
399,44
400,52
401,34
402,90
403,60
404,98
405,72
406,74
407,66
408,80
409,40
410,92
411,48
412,58
413,62
414,88
415,70
416,58
417,104
418,94
419,64
420,86
421,90
422,60
423,62
424,82
425,90
426,54
427,70
428,56
429,46
430,86
431,64
432,66
433,88
434,78
435,90
436,80
437,60
438,46
439,74
440,44
441,74
442,54
443,42
444,40
445,72
446,96
447,74
448,68
449,86
450,56
451,58
452,78
453,48
454,54
455,48
456,38
457,34
458,26
459,84
460,84
461,102
462,62
463,50
464,100
465,72
466,64
467,68
468,42
469,74
470,88
471,96
472,34
473,86
474,52
475,42
476,62
477,96
478,40
479,62
480,76
481,86
482,40
483,66
484,64
485,56
486,106
487,88
488,40
489,94
490,60
491,68
492,52
493,50
494,118
495,80
496,74
497,66
498,62
499,62
500,114
501,68
502,32
503,34
504,64
505,74
506,60
507,28
508,34
509,56
510,78
511,106
512,58
513,40
514,88
515,70
516,62
517,74
518,58
519,24
520,52
521,74
522,86
523,74
524,60
525,68
526,70
527,52
528,68
529,72
530,84
531,68
532,50
533,84
534,58
535,84
536,42
537,94
538,70
539,76
540,48
541,50
542,76
543,60
544,106
545,54
546,88
547,66
548,104
549,42
550,80
551,108
552,48
553,64
554,62
555,26
556,68
557,42
558,78
559,70
560,32
561,108
562,82
563,114
564,68
565,76
566,84
567,42
568,82
569,78
570,30
571,54
572,64
573,84
574,56
575,80
576,94
577,52
578,78
579,32
580,52
581,114
582,74
583,78
584,26
585,76
586,76
587,56
588,64
589,62
590,56
591,110
592,52
593,70
594,82
595,58
596,86
597,48
598,100
599,64
600,40
601,88
602,62
603,84
604,76
605,58
606,96
607,78
608,92
609,70
610,46
611,58
612,102
613,64
614,80
615,70
616,38
617,80
618,62
619,78
620,74
621,56
622,36
623,76
624,30
625,62
626,54
627,68
628,78
629,44
630,34
631,56
632,82
633,28
634,36
635,84
636,76
637,42
638,90
639,42
640,70
641,56
642,50
643,52
644,96
645,52
646,72
647,54
648,52
649,64
650,104
651,38
652,134
653,86
654,64
655,100
656,70
657,68
658,82
659,58
660,64
661,62
662,76
663,36
664,62
665,84
666,66
667,36
668,56
669,78
670,68
671,78
672,68
673,50
674,80
675,32
676,72
677,78
678,86
679,32
680,56
681,46
682,38
683,32
684,58
685,98
686,34
687,76
688,98
689,84
690,66
691,36
692,52
693,92
694,86
695,58
696,50
697,80
698,84
699,92
700,94
701,84
702,56
703,60
704,62
705,92
706,44
707,88
708,50
709,74
710,74
711,44
712,44
713,60
714,60
715,30
716,54
717,92
718,50
719,88
720,46
721,48
722,62
723,86
724,62
725,92
726,54
727,46
728,72
729,82
730,78
731,76
732,56
733,92
734,68
735,98
736,82
737,86
738,92
739,106
740,66
741,88
742,64
743,52
744,40
745,68
746,104
747,96
748,66
749,52
750,112
751,94
752,38
753,68
754,34
755,66
756,42
757,84
758,82
759,56
760,96
761,62
762,56
763,76
764,58
765,78
766,70
767,62
768,54
769,90
770,68
771,76
772,74
773,96
774,76
775,80
776,62
777,88
778,60
779,90
780,68
781,48
782,28
783,106
784,96
785,56
786,90
787,62
788,54
789,76
790,74
791,78
792,92
793,84
794,48
795,80
796,98
797,78
798,98
799,68
800,56
801,94
802,40
803,96
804,102
805,46
806,54
807,70
808,50
809,96
810,34
811,74
812,94
813,72
814,88
815,58
816,52
817,88
818,82
819,100
820,86
821,44
822,30
823,46
824,52
825,42
826,52
827,60
828,76
829,88
830,42
831,90
832,30
833,66
834,64
835,78
836,58
837,50
838,72
839,76
840,38
841,38
842,74
843,102
844,80
845,82
846,70
847,42
848,80
849,56
850,70
851,48
852,90
853,76
854,100
855,54
856,84
857,46
858,46
859,76
860,60
861,54
862,100
863,86
864,52
865,102
866,46
867,44
868,100
869,22
870,74
871,82
872,72
873,88
874,96
875,96
876,76
877,50
878,102
879,48
880,102
881,54
882,38
883,30
884,62
885,92
886,80
887,80
888,44
889,50
890,68
891,86
892,80
893,74
894,28
895,48
896,70
897,96
898,90
899,38
900,46
901,86
902,48
903,92
904,64
905,66
906,44
907,68
908,42
909,80
910,60
911,54
912,80
913,50
914,92
915,68
916,84
917,62
918,34
919,18
920,88
921,104
922,44
923,62
924,104
925,68
926,78
927,110
928,56
929,78
930,60
931,64
932,40
933,70
934,100
935,64
936,48
937,54
938,92
939,48
940,74
941,80
942,60
943,40
944,78
945,84
946,72
947,114
948,90
949,38
950,44
951,58
952,76
953,94
954,92
955,78
956,96
957,48
958,48
959,38
960,36
961,92
962,80
963,58
964,58
965,70
966,78
967,86
968,116
969,62
970,48
971,84
972,74
973,40
974,102
975,90
976,50
977,90
978,72
979,42
980,64
981,54
982,84
983,54
984,62
985,34
986,68
987,76
988,60
989,54
990,86
991,56
992,84
993,80
994,42
995,40
996,66
997,48
998,50
999,92
1000,42
1001,106
1002,82
1003,110
1004,78
1005,54
1006,44
1007,90
1008,64
1009,88
1010,52
1011,32
1012,98
1013,86
1014,70
1015,68
1016,52
1017,98
1018,84
1019,68
1020,72
1021,70
1022,44
1023,72
1024,62
1025,74
1026,36
1027,34
1028,100
1029,52
1030,80
1031,70
1032,60
1033,70
1034,98
1035,74
1036,62
1037,86
1038,42
1039,66
