-1,0,108,68,1
-1,0,92,48,1
-1,0,52,37,1
-1,0,113,98,1
-1,0,117,86,1
-1,0,105,33,1
-1,0,63,81,1
-1,0,4,84,1
0,1,106,96,1
0,1,47,30,1
0,1,44,6,1
0,1,2,0,1
0,1,29,24,1
0,1,102,87,1
0,1,25,33,1
0,1,18,23,1
1,2,63,24,1
1,2,63,8,1
1,2,109,19,1
1,2,88,47,1
1,2,61,12,1
1,2,98,14,1
1,2,33,41,1
1,2,45,48,1
2,3,78,67,1
2,3,31,26,1
2,3,72,26,1
2,3,77,55,1
2,3,82,47,1
2,3,103,22,1
2,3,9,23,1
2,3,9,22,1
3,4,111,53,1
3,4,76,22,1
3,4,62,43,1
3,4,62,53,1
3,4,64,4,1
3,4,95,34,1
3,4,0,27,1
3,4,4,84,1
4,5,56,40,1
4,5,69,1,1
4,5,61,41,1
4,5,55,51,1
4,5,76,44,1
4,5,65,51,1
4,5,4,28,1
4,5,21,42,1
5,6,97,72,1
5,6,87,1,1
5,6,82,78,1
5,6,66,20,1
5,6,102,47,1
5,6,33,11,1
5,6,4,75,1
5,6,3,41,1
6,7,116,19,1
6,7,21,9,1
6,7,44,10,1
6,7,70,9,1
6,7,61,55,1
6,7,92,52,1
6,7,15,40,1
6,7,37,111,1
7,8,100,78,1
7,8,95,13,1
7,8,1,0,1
7,8,107,25,1
7,8,43,39,1
7,8,67,2,1
7,8,35,98,1
7,8,39,79,1
8,9,119,28,1
8,9,61,8,1
8,9,49,25,1
8,9,118,28,1
8,9,38,36,1
8,9,69,66,1
8,9,10,77,1
8,9,75,90,1
9,10,76,1,1
9,10,84,47,1
9,10,73,63,1
9,10,29,11,1
9,10,80,60,1
9,10,57,45,1
9,10,51,105,1
9,10,9,45,1
10,11,112,96,1
10,11,116,39,1
10,11,68,4,1
10,11,35,12,1
10,11,55,21,1
10,11,97,55,1
10,11,101,113,1
10,11,17,29,1
11,12,79,61,1
11,12,109,80,1
11,12,99,23,1
11,12,73,26,1
11,12,57,24,1
11,12,117,25,1
11,12,16,31,1
11,12,26,69,1
12,13,60,35,1
12,13,64,20,1
12,13,109,29,1
12,13,57,16,1
12,13,76,4,1
12,13,108,106,1
12,13,2,27,1
12,13,15,23,1
13,14,51,48,1
13,14,60,33,1
13,14,84,72,1
13,14,45,41,1
13,14,49,25,1
13,14,103,1,1
13,14,23,32,1
13,14,58,110,1
14,15,22,20,1
14,15,47,10,1
14,15,71,30,1
14,15,106,72,1
14,15,27,2,1
14,15,103,2,1
14,15,29,34,1
14,15,74,117,1
15,16,73,2,1
15,16,81,63,1
15,16,79,48,1
15,16,111,2,1
15,16,83,36,1
15,16,100,44,1
15,16,35,99,1
15,16,33,38,1
16,17,102,87,1
16,17,91,39,1
16,17,68,45,1
16,17,60,29,1
16,17,88,87,1
16,17,75,36,1
16,17,16,65,1
16,17,29,88,1
17,18,116,77,1
17,18,116,6,1
17,18,58,46,1
17,18,117,94,1
17,18,23,0,1
17,18,103,90,1
17,18,0,91,1
17,18,31,107,1
18,19,60,7,1
18,19,107,31,1
18,19,25,11,1
18,19,94,12,1
18,19,21,3,1
18,19,52,49,1
18,19,27,108,1
18,19,21,52,1
19,20,89,58,1
19,20,68,50,1
19,20,57,37,1
19,20,68,57,1
19,20,90,68,1
19,20,119,35,1
19,20,9,107,1
19,20,22,112,1
20,21,79,0,1
20,21,69,62,1
20,21,63,35,1
20,21,23,19,1
20,21,66,30,1
20,21,36,20,1
20,21,39,62,1
20,21,47,64,1
21,22,85,46,1
21,22,70,28,1
21,22,114,108,1
21,22,71,47,1
21,22,24,3,1
21,22,115,76,1
21,22,33,43,1
21,22,32,113,1
22,23,67,35,1
22,23,110,80,1
22,23,92,51,1
22,23,11,0,1
22,23,85,33,1
22,23,81,24,1
22,23,28,78,1
22,23,37,62,1
23,24,42,30,1
23,24,81,24,1
23,24,115,40,1
23,24,111,37,1
23,24,69,42,1
23,24,116,25,1
23,24,63,101,1
23,24,21,27,1
24,25,67,47,1
24,25,100,97,1
24,25,37,9,1
24,25,35,23,1
24,25,47,42,1
24,25,54,10,1
24,25,7,43,1
24,25,71,107,1
25,26,40,18,1
25,26,26,0,1
25,26,43,7,1
25,26,90,8,1
25,26,91,30,1
25,26,66,36,1
25,26,37,62,1
25,26,29,60,1
26,27,34,25,1
26,27,65,33,1
26,27,60,42,1
26,27,59,20,1
26,27,52,25,1
26,27,31,17,1
26,27,60,81,1
26,27,25,26,1
27,28,34,32,1
27,28,63,28,1
27,28,83,29,1
27,28,28,15,1
27,28,59,7,1
27,28,68,7,1
27,28,77,104,1
27,28,0,27,1
28,29,48,15,1
28,29,78,40,1
28,29,24,13,1
28,29,85,17,1
28,29,35,34,1
28,29,53,42,1
28,29,63,89,1
28,29,22,103,1
29,30,80,39,1
29,30,76,73,1
29,30,80,4,1
29,30,28,24,1
29,30,27,21,1
29,30,118,68,1
29,30,26,32,1
29,30,22,47,1
30,31,114,39,1
30,31,43,30,1
30,31,88,0,1
30,31,51,49,1
30,31,56,29,1
30,31,69,27,1
30,31,84,106,1
30,31,9,61,1
31,32,49,4,1
31,32,54,35,1
31,32,56,37,1
31,32,5,0,1
31,32,113,32,1
31,32,87,15,1
31,32,14,38,1
31,32,26,74,1
32,33,68,4,1
32,33,102,77,1
32,33,33,1,1
32,33,114,81,1
32,33,81,35,1
32,33,94,90,1
32,33,43,44,1
32,33,29,44,1
33,34,29,18,1
33,34,86,37,1
33,34,88,0,1
33,34,116,77,1
33,34,25,10,1
33,34,98,35,1
33,34,58,65,1
33,34,33,95,1
34,35,113,73,1
34,35,59,24,1
34,35,70,62,1
34,35,87,1,1
34,35,103,85,1
34,35,91,76,1
34,35,38,103,1
34,35,28,81,1
35,36,21,14,1
35,36,81,67,1
35,36,66,53,1
35,36,64,13,1
35,36,24,4,1
35,36,58,14,1
35,36,76,115,1
35,36,37,86,1
36,37,104,98,1
36,37,104,58,1
36,37,107,103,1
36,37,28,8,1
36,37,14,0,1
36,37,99,42,1
36,37,80,115,1
36,37,71,100,1
37,38,98,32,1
37,38,116,68,1
37,38,113,57,1
37,38,41,35,1
37,38,29,13,1
37,38,57,25,1
37,38,106,113,1
37,38,42,99,1
38,39,56,48,1
38,39,92,52,1
38,39,95,56,1
38,39,116,52,1
38,39,108,3,1
38,39,98,20,1
38,39,32,38,1
38,39,38,54,1
39,40,109,36,1
39,40,67,47,1
39,40,51,35,1
39,40,105,51,1
39,40,72,60,1
39,40,59,29,1
39,40,20,33,1
39,40,18,101,1
40,41,26,22,1
40,41,48,29,1
40,41,53,12,1
40,41,55,22,1
40,41,24,17,1
40,41,34,9,1
40,41,57,61,1
40,41,25,41,1
41,42,35,33,1
41,42,78,28,1
41,42,64,6,1
41,42,28,26,1
41,42,49,28,1
41,42,69,35,1
41,42,72,80,1
41,42,0,41,1
42,43,104,71,1
42,43,48,3,1
42,43,100,10,1
42,43,90,79,1
42,43,111,30,1
42,43,66,62,1
42,43,21,118,1
42,43,27,39,1
43,44,27,22,1
43,44,102,47,1
43,44,30,3,1
43,44,112,35,1
43,44,64,20,1
43,44,70,30,1
43,44,28,111,1
43,44,4,104,1
44,45,63,50,1
44,45,69,24,1
44,45,115,28,1
44,45,29,21,1
44,45,95,42,1
44,45,75,22,1
44,45,76,108,1
44,45,26,42,1
45,46,79,32,1
45,46,27,16,1
45,46,54,45,1
45,46,104,93,1
45,46,115,33,1
45,46,23,2,1
45,46,31,100,1
45,46,46,107,1
46,47,42,40,1
46,47,39,37,1
46,47,109,48,1
46,47,116,4,1
46,47,24,11,1
46,47,102,77,1
46,47,52,85,1
46,47,79,88,1
47,48,85,34,1
47,48,113,23,1
47,48,32,27,1
47,48,71,29,1
47,48,94,50,1
47,48,36,2,1
47,48,83,85,1
47,48,10,47,1
48,49,58,34,1
48,49,81,7,1
48,49,95,25,1
48,49,22,13,1
48,49,69,2,1
48,49,26,9,1
48,49,7,81,1
48,49,23,80,1
49,50,103,2,1
49,50,27,14,1
49,50,26,8,1
49,50,21,17,1
49,50,119,20,1
49,50,56,24,1
49,50,8,104,1
49,50,26,34,1
50,51,109,6,1
50,51,32,13,1
50,51,42,19,1
50,51,37,30,1
50,51,76,66,1
50,51,50,14,1
50,51,33,78,1
50,51,44,100,1
51,52,23,8,1
51,52,115,20,1
51,52,82,30,1
51,52,107,20,1
51,52,70,30,1
51,52,78,64,1
51,52,40,54,1
51,52,6,64,1
52,53,109,0,1
52,53,46,29,1
52,53,44,15,1
52,53,93,80,1
52,53,86,79,1
52,53,21,14,1
52,53,58,71,1
52,53,23,80,1
53,54,34,28,1
53,54,40,19,1
53,54,33,8,1
53,54,61,41,1
53,54,33,31,1
53,54,63,34,1
53,54,68,84,1
53,54,37,52,1
54,55,60,7,1
54,55,80,4,1
54,55,73,14,1
54,55,100,0,1
54,55,39,21,1
54,55,38,33,1
54,55,38,56,1
54,55,92,104,1
55,56,35,15,1
55,56,4,0,1
55,56,69,24,1
55,56,24,2,1
55,56,89,54,1
55,56,47,37,1
55,56,26,42,1
55,56,8,55,1
56,57,104,93,1
56,57,108,33,1
56,57,96,46,1
56,57,117,24,1
56,57,63,15,1
56,57,111,8,1
56,57,56,69,1
56,57,35,67,1
57,58,43,36,1
57,58,64,57,1
57,58,76,21,1
57,58,61,23,1
57,58,68,61,1
57,58,49,3,1
57,58,9,29,1
57,58,48,53,1
58,59,23,0,1
58,59,95,42,1
58,59,36,19,1
58,59,115,56,1
58,59,104,35,1
58,59,74,47,1
58,59,2,76,1
58,59,78,110,1
59,60,87,45,1
59,60,116,96,1
59,60,46,42,1
59,60,111,65,1
59,60,51,43,1
59,60,55,44,1
59,60,23,27,1
59,60,47,109,1
60,61,55,1,1
60,61,41,3,1
60,61,119,109,1
60,61,75,22,1
60,61,83,12,1
60,61,96,34,1
60,61,25,73,1
60,61,46,58,1
61,62,54,26,1
61,62,116,103,1
61,62,70,69,1
61,62,87,24,1
61,62,113,56,1
61,62,102,7,1
61,62,57,103,1
61,62,50,103,1
62,63,24,4,1
62,63,95,62,1
62,63,79,20,1
62,63,70,22,1
62,63,37,30,1
62,63,54,41,1
62,63,3,79,1
62,63,40,102,1
63,64,106,72,1
63,64,37,11,1
63,64,118,79,1
63,64,56,12,1
63,64,99,90,1
63,64,29,19,1
63,64,22,80,1
63,64,19,21,1
64,65,35,20,1
64,65,115,22,1
64,65,99,47,1
64,65,71,50,1
64,65,73,25,1
64,65,93,46,1
64,65,18,53,1
64,65,48,91,1
65,66,91,22,1
65,66,95,34,1
65,66,107,31,1
65,66,101,81,1
65,66,73,67,1
65,66,106,31,1
65,66,26,42,1
65,66,6,24,1
66,67,38,33,1
66,67,95,3,1
66,67,118,105,1
66,67,91,15,1
66,67,74,43,1
66,67,83,36,1
66,67,10,23,1
66,67,12,53,1
67,68,45,33,1
67,68,21,16,1
67,68,60,32,1
67,68,104,93,1
67,68,113,51,1
67,68,50,27,1
67,68,19,22,1
67,68,47,74,1
68,69,42,40,1
68,69,31,23,1
68,69,59,11,1
68,69,82,19,1
68,69,92,82,1
68,69,80,15,1
68,69,9,51,1
68,69,13,26,1
69,70,72,35,1
69,70,103,60,1
69,70,34,1,1
69,70,74,29,1
69,70,90,71,1
69,70,74,2,1
69,70,4,72,1
69,70,38,90,1
70,71,85,12,1
70,71,64,52,1
70,71,112,22,1
70,71,57,45,1
70,71,89,22,1
70,71,81,27,1
70,71,55,62,1
70,71,22,75,1
71,72,89,58,1
71,72,113,56,1
71,72,100,24,1
71,72,105,80,1
71,72,37,27,1
71,72,94,28,1
71,72,75,103,1
71,72,9,115,1
72,73,105,73,1
72,73,74,55,1
72,73,61,57,1
72,73,85,52,1
72,73,59,29,1
72,73,112,22,1
72,73,49,57,1
72,73,19,27,1
73,74,71,46,1
73,74,89,45,1
73,74,54,9,1
73,74,102,2,1
73,74,69,12,1
73,74,110,13,1
73,74,49,60,1
73,74,20,93,1
74,75,118,0,1
74,75,25,12,1
74,75,42,30,1
74,75,99,29,1
74,75,67,47,1
74,75,99,42,1
74,75,30,51,1
74,75,27,81,1
75,76,36,13,1
75,76,100,48,1
75,76,59,26,1
75,76,64,57,1
75,76,44,16,1
75,76,67,43,1
75,76,84,95,1
75,76,55,61,1
76,77,56,23,1
76,77,95,13,1
76,77,67,30,1
76,77,47,16,1
76,77,36,13,1
76,77,56,38,1
76,77,3,108,1
76,77,52,116,1
77,78,67,22,1
77,78,75,22,1
77,78,57,55,1
77,78,63,53,1
77,78,50,42,1
77,78,71,57,1
77,78,23,46,1
77,78,58,89,1
78,79,48,38,1
78,79,92,65,1
78,79,79,41,1
78,79,106,31,1
78,79,111,0,1
78,79,38,0,1
78,79,26,30,1
78,79,75,90,1
79,80,76,12,1
79,80,87,41,1
79,80,46,40,1
79,80,37,33,1
79,80,78,39,1
79,80,115,22,1
79,80,35,64,1
79,80,4,59,1
80,81,64,13,1
80,81,91,48,1
80,81,102,28,1
80,81,39,27,1
80,81,69,8,1
80,81,72,2,1
80,81,25,30,1
80,81,62,68,1
81,82,44,15,1
81,82,54,31,1
81,82,99,56,1
81,82,77,4,1
81,82,94,12,1
81,82,22,20,1
81,82,33,72,1
81,82,68,74,1
82,83,106,72,1
82,83,36,30,1
82,83,41,4,1
82,83,85,33,1
82,83,80,41,1
82,83,60,42,1
82,83,2,74,1
82,83,40,49,1
83,84,61,33,1
83,84,27,3,1
83,84,78,67,1
83,84,105,0,1
83,84,1,0,1
83,84,107,102,1
83,84,33,108,1
83,84,60,73,1
84,85,61,23,1
84,85,52,22,1
84,85,40,35,1
84,85,57,37,1
84,85,101,76,1
84,85,91,55,1
84,85,29,44,1
84,85,1,79,1
85,86,73,51,1
85,86,119,24,1
85,86,79,48,1
85,86,97,4,1
85,86,51,45,1
85,86,113,66,1
85,86,71,86,1
85,86,4,72,1
86,87,98,31,1
86,87,55,53,1
86,87,55,1,1
86,87,82,78,1
86,87,80,61,1
86,87,101,73,1
86,87,14,103,1
86,87,28,65,1
87,88,61,46,1
87,88,41,21,1
87,88,92,41,1
87,88,99,78,1
87,88,112,16,1
87,88,26,22,1
87,88,20,66,1
87,88,19,56,1
88,89,52,43,1
88,89,88,29,1
88,89,110,13,1
88,89,73,71,1
88,89,38,29,1
88,89,76,12,1
88,89,49,80,1
88,89,34,45,1
89,90,37,30,1
89,90,68,26,1
89,90,74,25,1
89,90,96,41,1
89,90,78,28,1
89,90,45,9,1
89,90,36,104,1
89,90,62,69,1
90,91,25,20,1
90,91,73,26,1
90,91,23,6,1
90,91,64,25,1
90,91,39,27,1
90,91,88,42,1
90,91,25,85,1
90,91,4,41,1
91,92,59,22,1
91,92,74,14,1
91,92,83,40,1
91,92,119,37,1
91,92,25,1,1
91,92,44,23,1
91,92,27,34,1
91,92,27,94,1
92,93,104,71,1
92,93,58,46,1
92,93,73,67,1
92,93,66,33,1
92,93,94,55,1
92,93,64,4,1
92,93,38,47,1
92,93,22,70,1
93,94,71,8,1
93,94,27,22,1
93,94,56,29,1
93,94,75,17,1
93,94,66,62,1
93,94,53,4,1
93,94,83,84,1
93,94,48,91,1
94,95,55,4,1
94,95,56,6,1
94,95,23,17,1
94,95,60,32,1
94,95,42,32,1
94,95,73,26,1
94,95,0,50,1
94,95,22,83,1
95,96,100,42,1
95,96,62,37,1
95,96,87,12,1
95,96,105,73,1
95,96,110,78,1
95,96,84,59,1
95,96,4,64,1
95,96,3,119,1
96,97,72,35,1
96,97,53,10,1
96,97,59,16,1
96,97,100,74,1
96,97,46,34,1
96,97,119,84,1
96,97,0,53,1
96,97,54,89,1
97,98,4,0,1
97,98,87,58,1
97,98,34,4,1
97,98,59,26,1
97,98,41,28,1
97,98,91,80,1
97,98,23,32,1
97,98,24,92,1
98,99,77,22,1
98,99,104,32,1
98,99,86,80,1
98,99,116,38,1
98,99,74,43,1
98,99,105,26,1
98,99,12,106,1
98,99,56,74,1
99,100,111,92,1
99,100,106,72,1
99,100,61,41,1
99,100,108,93,1
99,100,90,71,1
99,100,110,100,1
99,100,31,55,1
99,100,9,91,1
100,101,101,25,1
100,101,29,2,1
100,101,52,30,1
100,101,116,58,1
100,101,40,9,1
100,101,41,25,1
100,101,16,35,1
100,101,47,101,1
101,102,88,87,1
101,102,45,43,1
101,102,102,2,1
101,102,43,41,1
101,102,70,42,1
101,102,55,50,1
101,102,19,43,1
101,102,69,88,1
102,103,42,32,1
102,103,72,45,1
102,103,86,57,1
102,103,39,21,1
102,103,46,18,1
102,103,87,42,1
102,103,35,57,1
102,103,25,49,1
103,104,50,18,1
103,104,75,22,1
103,104,70,28,1
103,104,105,33,1
103,104,49,47,1
103,104,95,8,1
103,104,67,75,1
103,104,17,23,1
104,105,76,73,1
104,105,71,68,1
104,105,83,29,1
104,105,44,6,1
104,105,95,33,1
104,105,115,40,1
104,105,23,44,1
104,105,31,44,1
105,106,115,20,1
105,106,70,67,1
105,106,35,4,1
105,106,43,31,1
105,106,73,60,1
105,106,20,0,1
105,106,88,96,1
105,106,4,38,1
106,107,84,83,1
106,107,84,2,1
106,107,68,21,1
106,107,119,35,1
106,107,61,21,1
106,107,107,49,1
106,107,35,98,1
106,107,37,65,1
107,108,64,28,1
107,108,90,75,1
107,108,34,27,1
107,108,92,11,1
107,108,77,13,1
107,108,48,22,1
107,108,0,37,1
107,108,51,55,1
108,109,41,10,1
108,109,27,3,1
108,109,52,32,1
108,109,37,13,1
108,109,93,80,1
108,109,62,43,1
108,109,73,92,1
108,109,15,48,1
109,110,90,79,1
109,110,112,45,1
109,110,50,23,1
109,110,47,0,1
109,110,107,31,1
109,110,50,33,1
109,110,29,59,1
109,110,8,34,1
110,111,34,9,1
110,111,53,18,1
110,111,37,6,1
110,111,74,31,1
110,111,34,33,1
110,111,85,27,1
110,111,24,99,1
110,111,7,102,1
111,112,60,7,1
111,112,64,6,1
111,112,94,50,1
111,112,46,25,1
111,112,74,50,1
111,112,89,37,1
111,112,94,99,1
111,112,23,81,1
112,113,55,48,1
112,113,32,6,1
112,113,64,35,1
112,113,78,0,1
112,113,82,36,1
112,113,23,7,1
112,113,36,61,1
112,113,25,41,1
113,114,107,20,1
113,114,96,34,1
113,114,94,27,1
113,114,55,21,1
113,114,31,21,1
113,114,113,32,1
113,114,37,59,1
113,114,35,73,1
114,115,89,26,1
114,115,39,33,1
114,115,114,29,1
114,115,102,40,1
114,115,55,44,1
114,115,75,37,1
114,115,67,98,1
114,115,1,43,1
115,116,88,67,1
115,116,93,35,1
115,116,63,53,1
115,116,111,28,1
115,116,77,16,1
115,116,82,35,1
115,116,4,59,1
115,116,23,48,1
116,117,75,2,1
116,117,57,46,1
116,117,94,17,1
116,117,57,55,1
116,117,106,21,1
116,117,52,7,1
116,117,48,50,1
116,117,33,50,1
117,118,84,41,1
117,118,53,10,1
117,118,93,35,1
117,118,45,30,1
117,118,74,24,1
117,118,71,29,1
117,118,28,94,1
117,118,16,65,1
118,119,117,21,1
118,119,107,22,1
118,119,99,42,1
118,119,26,15,1
118,119,28,2,1
118,119,82,40,1
118,119,67,77,1
118,119,13,64,1
119,120,90,55,1
119,120,63,37,1
119,120,49,28,1
119,120,66,43,1
119,120,27,22,1
119,120,77,4,1
119,120,70,78,1
119,120,22,51,1
120,121,45,27,1
120,121,66,30,1
120,121,86,22,1
120,121,74,67,1
120,121,89,6,1
120,121,52,20,1
120,121,22,115,1
120,121,66,98,1
121,122,41,4,1
121,122,40,34,1
121,122,73,67,1
121,122,104,71,1
121,122,110,50,1
121,122,95,3,1
121,122,13,64,1
121,122,50,51,1
122,123,115,9,1
122,123,32,18,1
122,123,119,57,1
122,123,60,21,1
122,123,46,40,1
122,123,47,21,1
122,123,44,64,1
122,123,6,114,1
123,124,73,41,1
123,124,55,48,1
123,124,50,23,1
123,124,43,31,1
123,124,106,96,1
123,124,74,44,1
123,124,26,27,1
123,124,12,30,1
124,125,22,1,1
124,125,49,27,1
124,125,105,40,1
124,125,31,4,1
124,125,63,44,1
124,125,111,21,1
124,125,27,32,1
124,125,19,22,1
125,126,26,4,1
125,126,48,10,1
125,126,70,65,1
125,126,49,47,1
125,126,52,35,1
125,126,28,6,1
125,126,24,36,1
125,126,80,81,1
126,127,26,8,1
126,127,117,28,1
126,127,68,45,1
126,127,63,37,1
126,127,66,59,1
126,127,58,38,1
126,127,43,44,1
126,127,31,47,1
127,128,80,22,1
127,128,92,74,1
127,128,94,55,1
127,128,48,15,1
127,128,59,21,1
127,128,71,38,1
127,128,9,107,1
127,128,47,58,1
128,129,22,15,1
128,129,61,24,1
128,129,63,28,1
128,129,34,32,1
128,129,112,28,1
128,129,117,112,1
128,129,15,52,1
128,129,31,36,1
129,130,79,45,1
129,130,44,23,1
129,130,63,15,1
129,130,99,59,1
129,130,39,9,1
129,130,94,25,1
129,130,35,58,1
129,130,75,96,1
130,131,73,24,1
130,131,63,40,1
130,131,56,12,1
130,131,97,71,1
130,131,109,36,1
130,131,102,7,1
130,131,86,108,1
130,131,38,54,1
131,132,108,58,1
131,132,53,4,1
131,132,109,80,1
131,132,72,38,1
131,132,93,47,1
131,132,95,12,1
131,132,32,70,1
131,132,50,68,1
132,133,64,26,1
132,133,85,56,1
132,133,83,40,1
132,133,43,31,1
132,133,50,33,1
132,133,112,45,1
132,133,47,118,1
132,133,92,102,1
133,134,49,36,1
133,134,71,6,1
133,134,100,21,1
133,134,47,16,1
133,134,71,47,1
133,134,118,29,1
133,134,35,119,1
133,134,26,105,1
134,135,94,49,1
134,135,104,94,1
134,135,50,4,1
134,135,103,90,1
134,135,93,80,1
134,135,68,24,1
134,135,63,73,1
134,135,46,51,1
135,136,59,2,1
135,136,97,71,1
135,136,89,37,1
135,136,65,2,1
135,136,89,45,1
135,136,49,13,1
135,136,9,51,1
135,136,95,118,1
136,137,67,35,1
136,137,33,8,1
136,137,102,87,1
136,137,83,28,1
136,137,62,8,1
136,137,97,8,1
136,137,62,66,1
136,137,21,28,1
137,138,48,28,1
137,138,66,43,1
137,138,26,19,1
137,138,114,6,1
137,138,113,15,1
137,138,115,56,1
137,138,8,23,1
137,138,16,24,1
138,139,117,40,1
138,139,96,29,1
138,139,85,33,1
138,139,105,70,1
138,139,65,35,1
138,139,39,24,1
138,139,23,38,1
138,139,24,79,1
139,140,51,26,1
139,140,52,33,1
139,140,105,73,1
139,140,80,41,1
139,140,70,65,1
139,140,96,29,1
139,140,96,116,1
139,140,42,94,1
140,141,118,21,1
140,141,101,14,1
140,141,40,24,1
140,141,51,31,1
140,141,55,50,1
140,141,85,52,1
140,141,39,114,1
140,141,77,116,1
141,142,106,81,1
141,142,41,10,1
141,142,26,20,1
141,142,36,20,1
141,142,93,53,1
141,142,61,39,1
141,142,69,88,1
141,142,30,91,1
142,143,59,43,1
142,143,107,46,1
142,143,108,3,1
142,143,87,2,1
142,143,40,15,1
142,143,32,11,1
142,143,36,53,1
142,143,20,59,1
143,144,82,40,1
143,144,105,90,1
143,144,102,30,1
143,144,97,13,1
143,144,102,76,1
143,144,110,50,1
143,144,12,95,1
143,144,52,66,1
144,145,101,32,1
144,145,77,29,1
144,145,38,0,1
144,145,69,12,1
144,145,58,57,1
144,145,108,72,1
144,145,43,98,1
144,145,10,32,1
145,146,64,20,1
145,146,42,32,1
145,146,118,18,1
145,146,113,44,1
145,146,54,28,1
145,146,98,20,1
145,146,27,84,1
145,146,21,60,1
146,147,108,58,1
146,147,49,24,1
146,147,108,58,1
146,147,117,37,1
146,147,80,49,1
146,147,57,46,1
146,147,36,54,1
146,147,48,114,1
147,148,50,33,1
147,148,77,16,1
147,148,73,2,1
147,148,52,44,1
147,148,96,90,1
147,148,91,50,1
147,148,12,76,1
147,148,16,47,1
148,149,81,8,1
148,149,49,23,1
148,149,76,29,1
148,149,48,23,1
148,149,57,55,1
148,149,24,22,1
148,149,48,60,1
148,149,51,105,1
149,150,84,47,1
149,150,73,34,1
149,150,53,34,1
149,150,62,49,1
149,150,71,8,1
149,150,91,37,1
149,150,67,98,1
149,150,8,90,1
150,151,53,41,1
150,151,70,62,1
150,151,38,24,1
150,151,31,25,1
150,151,119,24,1
150,151,52,43,1
150,151,43,52,1
150,151,5,84,1
151,152,62,37,1
151,152,56,38,1
151,152,30,4,1
151,152,81,7,1
151,152,93,21,1
151,152,100,45,1
151,152,13,27,1
151,152,23,47,1
152,153,37,34,1
152,153,110,57,1
152,153,60,22,1
152,153,34,25,1
152,153,43,36,1
152,153,72,33,1
152,153,7,31,1
152,153,2,111,1
153,154,94,50,1
153,154,74,29,1
153,154,113,44,1
153,154,23,6,1
153,154,69,26,1
153,154,64,26,1
153,154,34,85,1
153,154,10,67,1
154,155,94,28,1
154,155,110,100,1
154,155,77,10,1
154,155,118,101,1
154,155,31,9,1
154,155,47,30,1
154,155,21,86,1
154,155,41,46,1
155,156,42,25,1
155,156,78,22,1
155,156,74,29,1
155,156,80,40,1
155,156,113,57,1
155,156,80,44,1
155,156,32,38,1
155,156,37,75,1
156,157,53,18,1
156,157,114,75,1
156,157,98,92,1
156,157,76,35,1
156,157,94,50,1
156,157,87,0,1
156,157,32,52,1
156,157,64,89,1
157,158,39,33,1
157,158,110,57,1
157,158,25,24,1
157,158,69,21,1
157,158,56,6,1
157,158,105,70,1
157,158,45,68,1
157,158,53,60,1
158,159,83,3,1
158,159,45,2,1
158,159,91,76,1
158,159,60,29,1
158,159,52,22,1
158,159,79,24,1
158,159,63,81,1
158,159,35,68,1
159,160,119,62,1
159,160,38,18,1
159,160,38,21,1
159,160,98,53,1
159,160,66,20,1
159,160,61,8,1
159,160,19,25,1
159,160,26,40,1
160,161,116,19,1
160,161,69,24,1
160,161,64,47,1
160,161,33,15,1
160,161,82,19,1
160,161,28,19,1
160,161,0,26,1
160,161,0,88,1
161,162,36,13,1
161,162,103,90,1
161,162,97,71,1
161,162,41,21,1
161,162,29,18,1
161,162,37,0,1
161,162,2,25,1
161,162,38,103,1
162,163,67,23,1
162,163,69,32,1
162,163,20,0,1
162,163,102,46,1
162,163,79,24,1
162,163,72,33,1
162,163,40,43,1
162,163,37,91,1
163,164,46,39,1
163,164,26,9,1
163,164,72,21,1
163,164,15,0,1
163,164,117,9,1
163,164,31,4,1
163,164,33,43,1
163,164,3,119,1
164,165,60,38,1
164,165,41,4,1
164,165,74,44,1
164,165,37,30,1
164,165,77,23,1
164,165,119,45,1
164,165,54,98,1
164,165,31,91,1
165,166,31,30,1
165,166,112,90,1
165,166,75,52,1
165,166,114,16,1
165,166,74,50,1
165,166,48,6,1
165,166,25,52,1
165,166,0,81,1
166,167,80,41,1
166,167,82,24,1
166,167,112,29,1
166,167,101,45,1
166,167,66,20,1
166,167,47,34,1
166,167,69,116,1
166,167,17,85,1
167,168,52,35,1
167,168,37,23,1
167,168,39,25,1
167,168,59,37,1
167,168,104,71,1
167,168,37,30,1
167,168,36,43,1
167,168,112,117,1
168,169,104,93,1
168,169,98,20,1
168,169,26,5,1
168,169,44,0,1
168,169,80,71,1
168,169,104,32,1
168,169,55,109,1
168,169,20,50,1
169,170,108,102,1
169,170,102,40,1
169,170,34,33,1
169,170,114,80,1
169,170,60,3,1
169,170,74,14,1
169,170,4,35,1
169,170,57,71,1
170,171,92,23,1
170,171,52,35,1
170,171,25,13,1
170,171,105,50,1
170,171,28,0,1
170,171,84,34,1
170,171,8,41,1
170,171,24,101,1
171,172,24,19,1
171,172,48,24,1
171,172,54,42,1
171,172,115,57,1
171,172,34,9,1
171,172,41,10,1
171,172,76,92,1
171,172,6,48,1
172,173,113,51,1
172,173,28,0,1
172,173,118,28,1
172,173,37,11,1
172,173,76,27,1
172,173,37,29,1
172,173,25,95,1
172,173,33,38,1
173,174,27,15,1
173,174,109,24,1
173,174,106,65,1
173,174,107,25,1
173,174,107,15,1
173,174,81,80,1
173,174,51,85,1
173,174,0,30,1
174,175,119,24,1
174,175,65,21,1
174,175,39,22,1
174,175,88,23,1
174,175,88,86,1
174,175,84,11,1
174,175,28,50,1
174,175,4,26,1
175,176,64,31,1
175,176,49,25,1
175,176,51,31,1
175,176,38,36,1
175,176,67,2,1
175,176,53,30,1
175,176,29,114,1
175,176,29,97,1
176,177,104,92,1
176,177,110,23,1
176,177,69,26,1
176,177,94,12,1
176,177,89,46,1
176,177,95,81,1
176,177,28,38,1
176,177,87,91,1
177,178,114,28,1
177,178,67,35,1
177,178,83,43,1
177,178,102,35,1
177,178,21,20,1
177,178,80,12,1
177,178,39,114,1
177,178,46,66,1
178,179,89,7,1
178,179,110,36,1
178,179,34,14,1
178,179,115,20,1
178,179,50,31,1
178,179,25,11,1
178,179,9,61,1
178,179,6,89,1
