0,112
1,37
2,51
3,33
4,55
5,50
6,57
7,64
8,46
9,43
10,36
11,29
12,56
13,49
14,20
15,29
16,47
17,53
18,34
19,50
20,51
21,132
22,100
23,136
24,84
25,72
26,108
27,83
28,85
29,81
30,104
31,74
32,88
33,97
34,74
35,90
36,123
37,116
38,74
39,87
40,69
41,73
42,54
43,70
44,63
45,66
46,75
47,67
48,78
49,49
50,81
51,54
52,61
53,32
54,64
55,53
56,53
57,48
58,62
59,41
60,59
61,51
62,43
63,51
64,41
65,47
66,58
67,57
68,51
69,50
70,36
71,51
72,44
73,58
74,67
75,49
76,37
77,30
78,42
79,43
80,58
81,50
82,41
83,40
84,39
85,42
86,32
87,46
88,46
89,33
90,35
91,42
92,51
93,51
94,37
95,34
96,38
97,26
98,45
99,41
100,44
101,48
102,42
103,58
104,41
105,34
106,45
107,29
108,37
109,31
110,30
111,29
112,35
113,42
114,22
115,31
116,30
117,34
118,24
119,39
120,26
121,41
122,28
123,29
124,25
125,27
126,22
127,33
128,22
129,34
130,39
131,37
132,38
133,34
134,24
135,37
136,37
137,28
138,29
139,37
140,41
141,32
142,32
143,44
144,39
145,38
146,33
147,47
148,31
149,23
150,42
151,24
152,43
153,23
154,34
155,27
156,21
157,21
158,36
159,23
160,27
161,22
162,29
163,36
164,32
165,16
166,17
167,16
168,34
169,26
170,31
171,31
172,20
173,40
174,18
175,38
176,30
177,14
178,28
179,26
180,18
181,30
182,25
183,21
184,22
185,29
186,32
187,27
188,16
189,27
190,36
191,27
192,17
193,37
194,34
195,24
196,25
197,25
198,36
199,24
200,19
201,24
202,18
203,20
204,24
205,32
206,29
207,17
208,24
209,15
210,30
211,19
212,22
213,39
214,23
215,18
216,25
217,26
218,27
219,33
220,16
221,25
222,26
223,18
224,28
225,26
226,22
227,23
228,15
229,23
230,21
231,13
232,25
233,23
234,20
235,24
236,28
237,20
238,28
239,20
240,19
241,32
242,29
243,22
244,29
245,24
246,17
247,18
248,21
249,21
250,21
251,18
252,21
253,16
254,11
255,16
256,25
257,24
258,33
259,17
260,18
261,26
262,25
263,27
264,22
265,20
266,17
267,21
268,23
269,23
270,27
271,30
272,17
273,24
274,23
275,16
276,17
277,24
278,21
279,15
280,17
281,33
282,18
283,26
284,13
285,23
286,22
287,20
288,25
289,18
290,25
291,24
292,21
293,20
294,33
295,15
296,23
297,11
298,18
299,15
300,16
301,14
302,25
303,18
304,9
305,11
306,25
307,30
308,20
309,15
310,23
311,23
312,12
313,13
314,28
315,9
316,20
317,22
318,22
319,19
320,14
321,18
322,11
323,23
324,19
325,25
326,18
327,18
328,12
329,23
330,21
331,14
332,12
333,24
334,17
335,13
336,19
337,13
338,18
339,16
340,17
341,22
342,12
343,18
344,27
345,18
346,22
347,16
348,19
349,9
350,26
351,17
352,13
353,16
354,19
355,15
356,22
357,16
358,21
359,8
360,20
361,15
362,15
363,20
364,23
365,15
366,13
367,11
368,19
369,24
370,17
371,14
372,11
373,14
374,14
375,14
376,17
377,16
378,23
379,18
380,17
381,13
382,16
383,13
384,14
385,16
386,16
387,16
388,16
389,12
390,10
391,23
392,21
393,14
394,19
395,29
396,12
397,14
398,14
399,20
400,16
401,19
402,14
403,18
404,16
405,13
406,22
407,23
408,16
409,22
410,16
411,14
412,13
413,24
414,16
415,8
416,20
417,17
418,11
419,21
420,21
421,8
422,14
423,20
424,25
425,22
426,19
427,13
428,18
429,14
430,20
431,17
432,18
433,11
434,13
435,20
436,17
437,13
438,18
439,13
440,22
441,15
442,15
443,20
444,14
445,11
446,17
447,20
448,11
449,21
450,22
451,22
452,18
453,18
454,14
455,24
456,16
457,19
458,11
459,13
460,9
461,20
462,12
463,16
464,18
465,21
466,26
467,13
468,13
469,15
470,17
471,15
472,15
473,17
474,11
475,21
476,17
477,9
478,22
479,19
480,14
481,26
482,14
483,15
484,25
485,14
486,15
487,16
488,9
489,13
490,15
491,14
492,19
493,15
494,16
495,15
496,15
497,10
498,11
499,16
500,19
501,19
502,16
503,10
504,24
505,13
506,18
507,13
508,13
509,14
510,19
511,16
512,18
513,21
514,10
515,9
516,15
517,15
518,18
519,12
520,19
521,17
522,13
523,16
524,21
525,16
526,15
527,16
528,23
529,18
530,18
531,8
532,21
533,17
534,17
535,11
536,11
537,18
538,18
539,19
540,14
541,16
542,13
543,16
544,13
545,9
546,10
547,21
548,22
549,19
550,15
551,8
552,11
553,8
554,14
555,14
556,12
557,15
558,16
559,13
560,14
561,9
562,9
563,13
564,13
565,11
566,16
567,15
568,12
569,14
570,10
571,8
572,17
573,13
574,16
575,15
576,10
577,13
578,10
579,20
580,13
581,20
582,16
583,14
584,20
585,13
586,11
587,10
588,11
589,13
590,15
591,18
592,12
593,14
594,15
595,13
596,17
597,21
598,17
599,10
600,20
601,8
602,11
603,11
604,18
605,11
606,12
607,15
608,10
609,14
610,14
611,13
612,15
613,9
614,16
615,16
616,16
617,10
618,13
619,9
620,20
621,16
622,12
623,12
624,14
625,11
626,12
627,11
628,15
629,18
630,13
631,12
632,7
633,5
634,16
635,19
636,11
637,19
638,12
639,13
640,18
641,15
642,19
643,11
644,14
645,10
646,12
647,18
648,11
649,14
650,6
651,14
652,10
653,12
654,13
655,13
656,12
657,13
658,8
659,15
660,8
661,13
662,6
663,10
664,15
665,12
666,13
667,13
668,19
669,10
670,13
671,11
672,14
673,5
674,17
675,18
676,17
677,8
678,18
679,11
680,19
681,13
682,13
683,16
684,11
685,17
686,12
687,13
688,19
689,9
690,16
691,15
692,10
693,13
694,11
695,12
696,13
697,13
698,15
699,15
700,10
701,15
702,13
703,7
704,13
705,12
706,16
707,13
708,19
709,16
710,12
711,10
712,9
713,9
714,11
715,15
716,8
717,21
718,13
719,13
720,12
721,10
722,20
723,14
724,11
725,16
726,13
727,8
728,13
729,17
730,12
731,18
732,9
733,11
734,12
735,8
736,15
737,17
738,9
739,17
740,17
741,13
742,12
743,12
744,11
745,14
746,11
747,18
748,12
749,12
750,9
751,13
752,12
753,12
754,6
755,11
756,12
757,12
758,12
759,6
760,10
761,14
762,13
763,11
764,12
765,13
766,8
767,11
768,12
769,18
770,13
771,6
772,15
773,15
774,19
775,16
776,16
777,11
778,9
779,11
780,16
781,16
782,10
783,14
784,13
785,11
786,13
787,13
788,15
789,13
790,9
791,7
792,10
793,6
794,12
795,10
796,11
797,11
798,12
799,6
800,9
801,18
802,10
803,7
804,17
805,12
806,13
807,9
808,8
809,9
810,15
811,11
812,14
813,12
814,13
815,10
816,15
817,10
818,12
819,20
820,11
821,14
822,11
823,12
824,9
825,13
826,9
827,12
828,13
829,10
830,8
831,9
832,9
833,14
834,12
835,11
836,16
837,12
838,15
839,12
840,9
841,18
842,13
843,10
844,14
845,12
846,16
847,17
848,11
849,13
850,9
851,12
852,21
853,12
854,15
855,17
856,11
857,9
858,16
859,12
860,12
861,8
862,11
863,9
864,11
865,13
866,10
867,12
868,15
869,12
870,11
871,11
872,11
873,14
874,10
875,11
876,16
877,14
878,11
879,11
880,13
881,10
882,10
883,12
884,12
885,6
886,11
887,11
888,6
889,20
890,16
891,9
892,13
893,13
894,10
895,15
896,9
897,15
898,7
899,11
900,8
901,15
902,11
903,12
904,19
905,15
906,8
907,18
908,13
909,15
910,14
911,11
912,14
913,12
914,16
915,13
916,14
917,10
918,8
919,12
920,11
921,14
922,11
923,12
924,17
925,15
926,7
927,12
928,7
929,7
930,13
931,12
932,15
933,11
934,8
935,9
936,14
937,14
938,10
939,11
940,9
941,10
942,18
943,13
944,12
945,12
946,11
947,9
948,10
949,11
950,4
951,15
952,9
953,12
954,10
955,14
956,10
957,18
958,11
959,11
960,12
961,8
962,6
963,7
964,10
965,10
966,12
967,9
968,12
969,7
970,9
971,8
972,9
973,7
974,7
975,15
976,13
977,15
978,11
979,9
980,14
981,10
982,13
983,13
984,14
985,12
986,8
987,3
988,9
989,11
990,14
991,11
992,11
993,11
994,15
995,13
996,12
997,17
998,11
999,16
1000,10
1001,10
1002,12
1003,7
1004,9
1005,8
1006,8
1007,14
1008,13
1009,10
1010,7
1011,12
1012,15
1013,12
1014,15
1015,11
1016,14
1017,6
1018,9
1019,13
1020,12
1021,11
1022,8
1023,11
1024,11
1025,10
1026,8
1027,15
1028,9
1029,15
1030,11
1031,9
1032,11
1033,8
1034,4
1035,6
1036,9
1037,10
1038,11
1039,10
