0,84
1,62
2,86
3,80
4,48
5,44
6,56
7,48
8,70
9,92
10,56
11,48
12,62
13,94
14,38
15,58
16,74
17,98
18,92
19,56
20,32
21,56
22,64
23,64
24,84
25,76
26,88
27,104
28,94
29,42
30,68
31,80
32,98
33,56
34,72
35,60
36,54
37,44
38,92
39,74
40,92
41,38
42,52
43,56
44,52
45,64
46,64
47,60
48,56
49,78
50,68
51,66
52,66
53,46
54,34
55,114
56,48
57,58
58,66
59,80
60,52
61,66
62,76
63,52
64,52
65,46
66,50
67,56
68,56
69,62
70,98
71,52
72,44
73,38
74,92
75,78
76,34
77,78
78,54
79,78
80,70
81,52
82,36
83,70
84,72
85,84
86,70
87,76
88,82
89,108
90,84
91,70
92,90
93,78
94,62
95,62
96,86
97,102
98,90
99,94
100,48
101,64
102,42
103,70
104,98
105,94
106,56
107,54
108,74
109,90
110,94
111,66
112,40
113,78
114,70
115,74
116,30
117,54
118,92
119,56
120,62
121,88
122,46
123,74
124,70
125,56
126,42
127,24
128,68
129,48
130,78
131,78
132,52
133,88
134,34
135,58
136,74
137,72
138,54
139,84
140,60
141,28
142,60
143,80
144,64
145,82
146,62
147,66
148,74
149,98
150,94
151,82
152,46
153,52
154,80
155,80
156,42
157,60
158,80
159,80
160,40
161,88
162,58
163,66
164,68
165,102
166,110
167,92
168,78
169,56
170,82
171,62
172,68
173,66
174,48
175,78
176,48
177,26
178,96
179,50
180,78
181,78
182,52
183,100
184,60
185,84
186,60
187,58
188,58
189,92
190,34
191,90
192,66
193,82
194,98
195,74
196,64
197,78
198,34
199,52
200,40
201,58
202,88
203,76
204,30
205,76
206,88
207,112
208,28
209,82
210,56
211,72
212,58
213,54
214,40
215,62
216,88
217,96
218,72
219,88
220,46
221,60
222,82
223,88
224,66
225,30
226,106
227,84
228,92
229,108
230,70
231,40
232,62
233,16
234,84
235,80
236,58
237,48
238,58
239,70
240,44
241,72
242,52
243,52
244,56
245,80
246,72
247,66
248,64
249,74
250,92
251,112
252,64
253,70
254,58
255,34
256,76
257,74
258,74
259,88
260,62
261,62
262,58
263,64
264,78
265,28
266,92
267,80
268,34
269,88
270,92
271,74
272,108
273,72
274,84
275,44
276,76
277,66
278,56
279,60
280,88
281,86
282,48
283,48
284,94
285,46
286,66
287,92
288,54
289,56
290,100
291,74
292,86
293,54
294,62
295,58
296,48
297,68
298,60
299,38
300,68
301,82
302,62
303,80
304,40
305,56
306,52
307,58
308,42
309,64
310,72
311,48
312,68
313,90
314,54
315,74
316,72
317,58
318,34
319,60
320,72
321,76
322,46
323,52
324,58
325,92
326,66
327,74
328,74
329,46
330,56
331,78
332,74
333,20
334,68
335,84
336,72
337,66
338,80
339,66
340,32
341,90
342,72
343,26
344,32
345,46
346,120
347,78
348,60
349,78
350,82
351,122
352,78
353,48
354,56
355,40
356,74
357,90
358,88
359,42
360,68
361,78
362,38
363,66
364,88
365,60
366,98
367,86
368,30
369,80
370,76
371,80
372,80
373,42
374,90
375,88
376,78
377,88
378,64
379,66
380,50
381,78
382,40
383,42
384,74
385,70
386,84
387,64
388,80
389,52
390,44
391,56
392,100
393,66
394,64
395,60
396,60
397,76
398,48
399,82
400,72
401,78
402,82
403,28
404,94
405,66
406,68
407,74
408,82
409,38
410,52
411,52
412,48
413,72
414,36
415,58
416,88
417,64
418,84
419,64
420,40
421,36
422,46
423,54
424,76
425,88
426,56
427,84
428,68
429,106
430,88
431,78
432,30
433,70
434,88
435,58
436,80
437,52
438,40
439,52
440,62
441,58
442,46
443,62
444,78
445,84
446,64
447,56
448,54
449,76
450,66
451,88
452,54
453,76
454,54
455,98
456,70
457,68
458,84
459,74
460,80
461,66
462,40
463,56
464,78
465,62
466,48
467,54
468,48
469,56
470,56
471,32
472,66
473,70
474,100
475,70
476,62
477,50
478,94
479,86
480,92
481,52
482,28
483,60
484,66
485,78
486,56
487,74
488,94
489,86
490,68
491,74
492,56
493,74
494,80
495,60
496,70
497,42
498,60
499,48
500,64
501,56
502,68
503,72
504,90
505,56
506,34
507,56
508,26
509,74
510,78
511,48
512,40
513,58
514,84
515,38
516,98
517,56
518,74
519,92
520,80
521,52
522,80
523,44
524,78
525,68
526,50
527,86
528,72
529,92
530,84
531,56
532,92
533,46
534,46
535,68
536,26
537,96
538,90
539,90
540,52
541,70
542,64
543,26
544,68
545,96
546,62
547,62
548,48
549,92
550,58
551,54
552,56
553,54
554,72
555,64
556,64
557,70
558,68
559,80
560,56
561,32
562,86
563,84
564,82
565,98
566,56
567,58
568,62
569,92
570,72
571,46
572,98
573,56
574,50
575,52
576,72
577,88
578,88
579,84
580,40
581,62
582,74
583,68
584,72
585,70
586,30
587,56
588,48
589,56
590,74
591,60
592,80
593,64
594,74
595,56
596,60
597,58
598,86
599,64
600,62
601,68
602,92
603,62
604,64
605,60
606,68
607,78
608,56
609,80
610,86
611,70
612,82
613,76
614,102
615,44
616,62
617,92
618,92
619,64
620,54
621,40
622,62
623,80
624,88
625,78
626,64
627,62
628,70
629,48
630,86
631,72
632,70
633,80
634,76
635,60
636,64
637,76
638,78
639,74
640,34
641,48
642,78
643,48
644,42
645,52
646,66
647,64
648,74
649,66
650,90
651,70
652,80
653,64
654,80
655,26
656,32
657,70
658,58
659,92
660,94
661,98
662,90
663,64
664,62
665,80
666,44
667,82
668,80
669,82
670,98
671,52
672,54
673,62
674,56
675,82
676,40
677,86
678,74
679,84
680,102
681,66
682,64
683,80
684,80
685,44
686,100
687,80
688,40
689,62
690,88
691,86
692,80
693,50
694,84
695,46
696,52
697,52
698,94
699,102
700,50
701,42
702,56
703,62
704,96
705,58
706,100
707,56
708,80
709,84
710,86
711,50
712,42
713,40
714,60
715,54
716,82
717,42
718,96
719,92
720,38
721,40
722,60
723,86
724,74
725,62
726,70
727,26
728,64
729,82
730,58
731,50
732,92
733,94
734,100
735,52
736,74
737,82
738,74
739,88
740,66
741,80
742,78
743,98
744,86
745,60
746,50
747,74
748,56
749,90
750,82
751,70
752,62
753,24
754,104
755,80
756,46
757,66
758,92
759,40
760,98
761,74
762,56
763,78
764,86
765,52
766,54
767,44
768,54
769,58
770,76
771,56
772,66
773,42
774,26
775,72
776,76
777,88
778,32
779,62
780,44
781,80
782,76
783,74
784,74
785,72
786,82
787,72
788,74
789,60
790,28
791,90
792,60
793,52
794,54
795,66
796,44
797,76
798,66
799,68
800,72
801,64
802,68
803,64
804,106
805,42
806,64
807,72
808,76
809,48
810,102
811,36
812,42
813,68
814,62
815,82
816,70
817,86
818,64
819,88
820,54
821,76
822,44
823,62
824,62
825,52
826,86
827,98
828,94
829,38
830,56
831,70
832,38
833,72
834,54
835,64
836,60
837,80
838,66
839,56
840,42
841,90
842,50
843,52
844,88
845,76
846,80
847,36
848,48
849,80
850,56
851,76
852,62
853,78
854,64
855,90
856,82
857,78
858,50
859,66
860,60
861,68
862,60
863,70
864,76
865,100
866,86
867,74
868,74
869,88
870,80
871,70
872,68
873,68
874,62
875,66
876,70
877,78
878,86
879,60
880,48
881,48
882,80
883,82
884,62
885,64
886,96
887,84
888,66
889,88
890,82
891,82
892,98
893,58
894,50
895,76
896,64
897,88
898,98
899,58
900,64
901,36
902,64
903,32
904,78
905,44
906,80
907,86
908,70
909,72
910,76
911,52
912,24
913,78
914,78
915,52
916,98
917,48
918,78
919,96
920,68
921,64
922,60
923,92
924,82
925,24
926,40
927,70
928,54
929,72
930,70
931,82
932,88
933,78
934,68
935,74
936,54
937,44
938,102
939,88
940,38
941,100
942,86
943,62
944,56
945,78
946,44
947,82
948,66
949,78
950,54
951,84
952,72
953,82
954,74
955,58
956,94
957,46
958,60
959,62
960,82
961,84
962,66
963,70
964,14
965,34
966,40
967,94
968,60
969,58
970,46
971,82
972,96
973,62
974,74
975,82
976,52
977,40
978,52
979,90
980,78
981,74
982,70
983,56
984,54
985,68
986,78
987,90
988,102
989,38
990,68
991,64
992,56
993,70
994,50
995,88
996,54
997,100
998,68
999,94
1000,68
1001,64
1002,74
1003,40
1004,42
1005,96
1006,86
1007,40
1008,78
1009,42
1010,56
1011,48
1012,94
1013,98
1014,60
1015,86
1016,46
1017,80
1018,70
1019,96
1020,84
1021,68
1022,70
1023,32
1024,94
1025,50
1026,48
1027,70
1028,76
1029,38
1030,94
1031,98
1032,92
1033,42
1034,52
1035,52
1036,82
1037,58
1038,60
1039,44
