0,46
1,74
2,56
3,46
4,56
5,86
6,54
7,78
8,54
9,52
10,38
11,58
12,44
13,58
14,34
15,90
16,56
17,104
18,84
19,46
20,64
21,64
22,70
23,76
24,64
25,108
26,80
27,88
28,90
29,50
30,98
31,82
32,78
33,40
34,96
35,74
36,82
37,52
38,60
39,50
40,88
41,74
42,92
43,56
44,102
45,64
46,74
47,92
48,94
49,76
50,80
51,82
52,96
53,44
54,68
55,108
56,86
57,42
58,42
59,116
60,60
61,90
62,106
63,46
64,52
65,108
66,42
67,54
68,50
69,44
70,38
71,74
72,44
73,72
74,114
75,54
76,90
77,90
78,84
79,52
80,38
81,48
82,68
83,76
84,42
85,66
86,84
87,42
88,36
89,60
90,64
91,40
92,96
93,94
94,102
95,54
96,94
97,56
98,38
99,46
100,60
101,64
102,82
103,54
104,76
105,46
106,58
107,42
108,62
109,32
110,84
111,84
112,52
113,58
114,68
115,82
116,68
117,66
118,74
119,52
120,80
121,80
122,62
123,96
124,100
125,46
126,120
127,80
128,82
129,58
130,80
131,92
132,88
133,78
134,78
135,52
136,92
137,64
138,60
139,80
140,72
141,70
142,54
143,66
144,66
145,90
146,94
147,62
148,36
149,52
150,48
151,82
152,80
153,20
154,36
155,74
156,82
157,66
158,76
159,76
160,86
161,60
162,42
163,60
164,64
165,34
166,32
167,62
168,86
169,68
170,80
171,84
172,62
173,68
174,76
175,88
176,60
177,64
178,42
179,80
180,72
181,88
182,82
183,78
184,100
185,78
186,52
187,52
188,72
189,80
190,68
191,36
192,76
193,54
194,68
195,74
196,86
197,78
198,60
199,72
200,58
201,70
202,48
203,62
204,86
205,68
206,66
207,70
208,72
209,94
210,94
211,94
212,46
213,62
214,100
215,42
216,32
217,98
218,34
219,60
220,112
221,68
222,56
223,98
224,84
225,58
226,56
227,46
228,74
229,72
230,82
231,70
232,52
233,56
234,84
235,66
236,86
237,74
238,88
239,56
240,80
241,78
242,54
243,86
244,76
245,74
246,78
247,40
248,76
249,70
250,50
251,60
252,86
253,70
254,84
255,56
256,52
257,72
258,68
259,44
260,62
261,48
262,60
263,82
264,80
265,86
266,40
267,90
268,52
269,56
270,28
271,44
272,42
273,66
274,56
275,70
276,54
277,72
278,42
279,46
280,38
281,84
282,88
283,102
284,76
285,72
286,44
287,72
288,32
289,80
290,92
291,48
292,72
293,82
294,70
295,60
296,78
297,62
298,74
299,74
300,70
301,74
302,96
303,48
304,40
305,66
306,64
307,88
308,84
309,72
310,66
311,56
312,44
313,64
314,60
315,74
316,52
317,78
318,92
319,54
320,98
321,72
322,70
323,66
324,102
325,72
326,62
327,88
328,44
329,78
330,76
331,72
332,80
333,60
334,54
335,52
336,68
337,78
338,62
339,88
340,76
341,78
342,80
343,72
344,64
345,92
346,62
347,100
348,96
349,66
350,90
351,60
352,86
353,54
354,70
355,78
356,84
357,104
358,100
359,56
360,32
361,82
362,80
363,76
364,78
365,86
366,42
367,54
368,62
369,72
370,70
371,66
372,82
373,70
374,48
375,58
376,38
377,52
378,90
379,106
380,72
381,70
382,72
383,60
384,70
385,80
386,102
387,62
388,62
389,76
390,58
391,70
392,34
393,58
394,66
395,60
396,42
397,62
398,90
399,50
400,38
401,70
402,74
403,58
404,60
405,34
406,92
407,104
408,56
409,60
410,96
411,64
412,98
413,94
414,36
415,78
416,68
417,62
418,68
419,48
420,52
421,68
422,28
423,98
424,68
425,22
426,50
427,92
428,48
429,76
430,64
431,90
432,52
433,52
434,60
435,40
436,52
437,44
438,82
439,66
440,78
441,46
442,92
443,74
444,58
445,104
446,66
447,64
448,54
449,82
450,50
451,82
452,68
453,82
454,48
455,78
456,92
457,60
458,58
459,50
460,120
461,88
462,56
463,42
464,84
465,46
466,92
467,66
468,52
469,72
470,54
471,56
472,48
473,80
474,82
475,28
476,30
477,80
478,82
479,72
480,28
481,58
482,92
483,64
484,82
485,78
486,76
487,74
488,52
489,62
490,32
491,70
492,66
493,84
494,34
495,66
496,62
497,66
498,64
499,38
500,54
501,74
502,56
503,86
504,40
505,72
506,64
507,82
508,68
509,48
510,72
511,40
512,76
513,90
514,52
515,82
516,60
517,70
518,68
519,96
520,104
521,98
522,46
523,46
524,52
525,92
526,50
527,94
528,50
529,82
530,76
531,108
532,54
533,82
534,46
535,104
536,76
537,18
538,70
539,72
540,46
541,72
542,80
543,66
544,48
545,76
546,100
547,78
548,64
549,58
550,22
551,86
552,50
553,66
554,76
555,84
556,32
557,34
558,94
559,60
560,70
561,104
562,86
563,48
564,58
565,72
566,72
567,56
568,38
569,86
570,24
571,76
572,84
573,60
574,52
575,34
576,42
577,42
578,62
579,82
580,80
581,64
582,68
583,58
584,76
585,24
586,60
587,96
588,14
589,104
590,72
591,86
592,54
593,74
594,96
595,48
596,82
597,40
598,96
599,58
600,72
601,50
602,86
603,74
604,66
605,70
606,44
607,80
608,74
609,70
610,102
611,42
612,42
613,38
614,60
615,80
616,82
617,60
618,74
619,58
620,74
621,68
622,72
623,74
624,70
625,58
626,86
627,104
628,38
629,90
630,62
631,84
632,64
633,48
634,64
635,84
636,100
637,62
638,80
639,94
640,72
641,60
642,74
643,96
644,48
645,68
646,66
647,50
648,22
649,50
650,60
651,54
652,86
653,38
654,84
655,62
656,88
657,86
658,56
659,78
660,36
661,60
662,46
663,54
664,100
665,74
666,72
667,40
668,36
669,60
670,54
671,58
672,82
673,98
674,60
675,54
676,50
677,48
678,36
679,90
680,84
681,74
682,48
683,80
684,66
685,68
686,58
687,42
688,48
689,104
690,54
691,54
692,72
693,48
694,68
695,82
696,70
697,92
698,48
699,74
700,96
701,72
702,58
703,52
704,64
705,80
706,60
707,38
708,44
709,86
710,62
711,48
712,90
713,40
714,78
715,60
716,68
717,50
718,100
719,108
720,36
721,88
722,64
723,96
724,96
725,74
726,78
727,78
728,50
729,82
730,46
731,96
732,96
733,70
734,106
735,74
736,90
737,64
738,42
739,70
740,80
741,62
742,74
743,58
744,58
745,72
746,82
747,70
748,102
749,96
750,72
751,38
752,44
753,96
754,86
755,116
756,68
757,56
758,76
759,58
760,72
761,60
762,86
763,82
764,74
765,74
766,40
767,80
768,68
769,78
770,60
771,40
772,84
773,70
774,30
775,50
776,102
777,64
778,56
779,64
780,60
781,98
782,72
783,72
784,64
785,66
786,56
787,76
788,46
789,56
790,36
791,62
792,40
793,68
794,58
795,56
796,80
797,72
798,88
799,98
800,68
801,68
802,58
803,60
804,76
805,92
806,54
807,82
808,72
809,66
810,86
811,74
812,74
813,72
814,88
815,86
816,90
817,58
818,74
819,60
820,88
821,100
822,66
823,58
824,70
825,72
826,66
827,100
828,96
829,36
830,66
831,66
832,54
833,78
834,70
835,64
836,72
837,42
838,54
839,82
840,30
841,52
842,48
843,98
844,80
845,72
846,82
847,94
848,84
849,66
850,52
851,82
852,60
853,50
854,96
855,106
856,32
857,84
858,102
859,48
860,66
861,76
862,72
863,50
864,58
865,80
866,48
867,62
868,86
869,72
870,68
871,70
872,106
873,56
874,76
875,48
876,42
877,78
878,72
879,78
880,88
881,78
882,84
883,68
884,88
885,50
886,58
887,88
888,84
889,40
890,54
891,78
892,118
893,86
894,90
895,104
896,64
897,96
898,56
899,74
900,66
901,36
902,54
903,50
904,48
905,76
906,80
907,62
908,68
909,40
910,62
911,94
912,70
913,40
914,86
915,58
916,38
917,38
918,70
919,70
920,74
921,28
922,80
923,60
924,90
925,78
926,44
927,68
928,100
929,74
930,42
931,96
932,36
933,72
934,98
935,82
936,82
937,76
938,78
939,50
940,72
941,44
942,74
943,82
944,52
945,58
946,50
947,54
948,78
949,78
950,94
951,124
952,70
953,78
954,90
955,94
956,90
957,26
958,58
959,60
960,42
961,68
962,60
963,62
964,62
965,72
966,48
967,60
968,62
969,70
970,84
971,42
972,78
973,52
974,68
975,104
976,80
977,46
978,96
979,90
980,90
981,46
982,54
983,52
984,108
985,70
986,94
987,66
988,72
989,110
990,110
991,88
992,32
993,74
994,86
995,70
996,48
997,52
998,60
999,56
1000,82
1001,70
1002,56
1003,58
1004,80
1005,88
1006,46
1007,82
1008,70
1009,80
1010,68
1011,88
1012,44
1013,52
1014,36
1015,80
1016,72
1017,78
1018,76
1019,46
1020,100
1021,64
1022,80
1023,92
1024,48
1025,68
1026,80
1027,70
1028,86
1029,78
1030,80
1031,82
1032,38
1033,94
1034,50
1035,42
1036,90
1037,88
1038,64
1039,60
