7,55,0,1
96,116,0,1
72,44,0,1
14,49,0,1
60,90,0,1
20,13,0,1
58,107,0,1
8,84,0,1
114,109,1,1
117,53,1,1
9,77,1,1
17,9,1,1
0,28,1,1
47,43,1,1
85,111,1,1
86,60,1,1
114,118,2,1
54,92,2,1
48,54,2,1
72,44,2,1
75,53,2,1
83,75,2,1
36,29,2,1
114,100,2,1
68,8,3,1
11,111,3,1
1,25,3,1
64,57,3,1
14,49,3,1
93,50,3,1
97,84,3,1
17,65,3,1
109,87,4,1
20,51,4,1
23,37,4,1
53,75,4,1
53,54,4,1
47,28,4,1
111,11,4,1
73,40,4,1
49,59,5,1
48,4,5,1
4,64,5,1
111,36,5,1
23,37,5,1
37,27,5,1
47,28,5,1
52,87,5,1
89,21,6,1
116,96,6,1
41,89,6,1
54,53,6,1
19,90,6,1
89,74,6,1
40,4,6,1
24,88,6,1
60,10,7,1
29,118,7,1
48,61,7,1
105,33,7,1
55,97,7,1
37,27,7,1
27,37,7,1
81,27,7,1
13,20,8,1
62,17,8,1
73,63,8,1
9,77,8,1
75,33,8,1
116,28,8,1
119,106,8,1
50,34,8,1
118,56,9,1
66,27,9,1
97,84,9,1
108,112,9,1
48,39,9,1
39,48,9,1
107,25,9,1
77,19,9,1
7,55,10,1
74,89,10,1
13,17,10,1
36,89,10,1
7,90,10,1
21,55,10,1
110,64,10,1
60,86,10,1
87,109,11,1
41,37,11,1
28,43,11,1
29,69,11,1
15,66,11,1
110,64,11,1
119,71,11,1
111,10,11,1
115,94,12,1
79,63,12,1
108,19,12,1
69,29,12,1
68,15,12,1
29,69,12,1
43,28,12,1
21,87,12,1
54,50,13,1
59,76,13,1
96,116,13,1
75,100,13,1
60,90,13,1
24,88,13,1
25,1,13,1
1,54,13,1
77,78,14,1
6,70,14,1
114,78,14,1
80,77,14,1
111,35,14,1
61,48,14,1
61,118,14,1
111,10,14,1
25,1,15,1
114,22,15,1
117,68,15,1
109,87,15,1
106,42,15,1
90,19,15,1
106,101,15,1
46,16,15,1
38,32,16,1
93,9,16,1
106,83,16,1
97,96,16,1
29,118,16,1
16,74,16,1
64,88,16,1
51,110,16,1
43,28,17,1
18,85,17,1
51,110,17,1
44,72,17,1
52,87,17,1
0,28,17,1
4,15,17,1
83,10,17,1
63,73,18,1
80,77,18,1
114,118,18,1
36,13,18,1
83,74,18,1
78,77,18,1
4,103,18,1
41,89,18,1
19,108,19,1
89,21,19,1
20,34,19,1
13,94,19,1
53,117,19,1
12,49,19,1
21,87,19,1
107,58,19,1
61,71,20,1
36,111,20,1
37,114,20,1
9,93,20,1
1,16,20,1
21,41,20,1
60,10,20,1
53,75,20,1
83,74,21,1
17,13,21,1
109,87,21,1
12,21,21,1
37,45,21,1
15,65,21,1
5,19,21,1
16,1,21,1
96,97,22,1
55,21,22,1
27,7,22,1
56,96,22,1
83,75,22,1
48,54,22,1
78,97,22,1
117,53,22,1
103,102,23,1
116,28,23,1
53,13,23,1
27,81,23,1
58,25,23,1
50,34,23,1
7,27,23,1
13,53,23,1
111,35,24,1
107,25,24,1
75,83,24,1
84,103,24,1
74,89,24,1
50,93,24,1
77,80,24,1
63,79,24,1
117,53,25,1
17,9,25,1
96,116,25,1
83,21,25,1
4,64,25,1
12,21,25,1
108,114,25,1
85,58,25,1
33,105,26,1
58,5,26,1
96,116,26,1
30,101,26,1
97,78,26,1
15,108,26,1
119,96,26,1
17,9,26,1
13,35,27,1
8,84,27,1
27,64,27,1
97,119,27,1
13,53,27,1
4,40,27,1
10,60,27,1
90,60,27,1
72,28,28,1
77,78,28,1
4,15,28,1
49,74,28,1
100,87,28,1
28,116,28,1
21,55,28,1
115,94,28,1
98,88,29,1
57,64,29,1
93,9,29,1
8,68,29,1
94,59,29,1
89,74,29,1
97,119,29,1
90,19,29,1
87,21,30,1
51,90,30,1
19,90,30,1
68,8,30,1
49,83,30,1
6,3,30,1
44,87,30,1
15,48,30,1
36,89,31,1
118,61,31,1
42,106,31,1
53,54,31,1
33,75,31,1
114,100,31,1
97,96,31,1
59,76,31,1
61,48,32,1
29,118,32,1
83,10,32,1
85,111,32,1
42,106,32,1
85,18,32,1
58,85,32,1
92,54,32,1
40,73,33,1
28,0,33,1
21,55,33,1
6,70,33,1
69,18,33,1
28,72,33,1
75,100,33,1
14,49,33,1
101,30,34,1
21,87,34,1
64,88,34,1
103,84,34,1
106,101,34,1
52,109,34,1
20,13,34,1
34,20,34,1
119,71,35,1
13,35,35,1
19,5,35,1
112,108,35,1
48,61,35,1
13,53,35,1
69,29,35,1
49,11,35,1
84,103,36,1
13,20,36,1
21,89,36,1
88,87,36,1
48,88,36,1
98,88,36,1
33,75,36,1
42,106,36,1
4,40,37,1
91,6,37,1
69,29,37,1
46,108,37,1
58,25,37,1
93,9,37,1
7,62,37,1
87,109,37,1
15,4,38,1
88,24,38,1
60,111,38,1
20,13,38,1
34,108,38,1
58,25,38,1
71,61,38,1
38,91,38,1
24,88,39,1
78,77,39,1
42,15,39,1
33,75,39,1
51,13,39,1
74,83,39,1
109,87,39,1
68,8,39,1
56,118,40,1
25,107,40,1
111,10,40,1
46,16,40,1
54,50,40,1
60,90,40,1
58,25,40,1
69,18,40,1
74,49,41,1
118,61,41,1
73,40,41,1
71,77,41,1
106,42,41,1
68,15,41,1
50,54,41,1
113,87,41,1
111,36,42,1
88,98,42,1
44,42,42,1
21,55,42,1
37,45,42,1
55,97,42,1
33,105,42,1
52,87,42,1
60,111,43,1
96,58,43,1
68,15,43,1
18,17,43,1
77,9,43,1
58,25,43,1
83,106,43,1
61,48,43,1
56,118,44,1
53,85,44,1
28,47,44,1
71,119,44,1
27,50,44,1
1,16,44,1
41,21,44,1
10,83,44,1
43,28,45,1
77,19,45,1
42,106,45,1
4,48,45,1
113,109,45,1
57,64,45,1
73,107,45,1
101,30,45,1
26,6,46,1
36,13,46,1
10,60,46,1
8,84,46,1
28,72,46,1
89,21,46,1
83,10,46,1
58,92,46,1
52,109,47,1
13,53,47,1
15,108,47,1
46,16,47,1
98,88,47,1
17,62,47,1
16,74,47,1
98,88,47,1
106,101,48,1
116,28,48,1
67,74,48,1
83,49,48,1
62,17,48,1
25,107,48,1
83,10,48,1
110,64,48,1
44,42,49,1
67,74,49,1
108,15,49,1
53,13,49,1
79,63,49,1
119,96,49,1
19,77,49,1
60,1,49,1
42,15,50,1
114,108,50,1
51,13,50,1
75,93,50,1
36,13,50,1
26,6,50,1
77,78,50,1
69,18,50,1
27,37,51,1
9,93,51,1
51,20,51,1
75,83,51,1
15,65,51,1
87,44,51,1
34,50,51,1
62,115,51,1
47,43,52,1
32,103,52,1
73,107,52,1
90,51,52,1
111,85,52,1
20,13,52,1
94,115,52,1
7,52,52,1
5,58,53,1
92,22,53,1
112,108,53,1
87,100,53,1
64,4,53,1
90,60,53,1
77,80,53,1
1,60,53,1
50,34,54,1
4,48,54,1
69,29,54,1
48,54,54,1
34,108,54,1
81,2,54,1
118,29,54,1
84,103,54,1
12,21,55,1
29,118,55,1
111,5,55,1
19,108,55,1
119,71,55,1
86,10,55,1
114,22,55,1
53,85,55,1
50,93,56,1
83,49,56,1
97,84,56,1
87,113,56,1
13,36,56,1
37,23,56,1
75,53,56,1
87,70,56,1
77,9,57,1
59,94,57,1
50,27,57,1
48,54,57,1
109,87,57,1
74,89,57,1
10,111,57,1
68,4,57,1
106,101,58,1
96,56,58,1
59,76,58,1
90,19,58,1
43,28,58,1
67,74,58,1
17,13,58,1
27,7,58,1
30,44,59,1
74,83,59,1
83,75,59,1
71,77,59,1
90,51,59,1
5,19,59,1
84,97,59,1
64,4,59,1
11,49,60,1
40,4,60,1
8,84,60,1
113,87,60,1
50,93,60,1
28,72,60,1
17,65,60,1
45,37,60,1
9,17,61,1
10,60,61,1
43,28,61,1
85,53,61,1
19,77,61,1
85,53,61,1
119,96,61,1
103,102,61,1
41,37,62,1
118,29,62,1
5,19,62,1
97,55,62,1
78,114,62,1
107,25,62,1
108,34,62,1
117,53,62,1
18,17,63,1
91,38,63,1
90,19,63,1
83,21,63,1
108,15,63,1
34,50,63,1
84,97,63,1
21,12,63,1
61,118,64,1
57,11,64,1
29,118,64,1
1,16,64,1
59,49,64,1
4,68,64,1
50,27,64,1
55,7,64,1
74,49,65,1
106,101,65,1
7,90,65,1
51,13,65,1
42,106,65,1
61,96,65,1
96,61,65,1
74,89,65,1
118,29,66,1
50,93,66,1
47,28,66,1
37,89,66,1
41,21,66,1
117,20,66,1
75,53,66,1
81,2,66,1
15,66,67,1
90,60,67,1
75,83,67,1
51,69,67,1
118,61,67,1
42,44,67,1
9,17,67,1
59,49,67,1
85,53,68,1
109,52,68,1
67,74,68,1
27,7,68,1
15,92,68,1
94,13,68,1
119,42,68,1
83,74,68,1
81,27,69,1
60,111,69,1
13,35,69,1
108,89,69,1
118,114,69,1
106,101,69,1
9,77,69,1
119,97,69,1
75,83,70,1
108,46,70,1
97,119,70,1
83,21,70,1
117,53,70,1
37,45,70,1
21,89,70,1
111,10,70,1
10,111,71,1
56,96,71,1
55,21,71,1
96,119,71,1
58,83,71,1
75,83,71,1
88,24,71,1
89,37,71,1
74,16,72,1
83,58,72,1
20,13,72,1
107,25,72,1
40,4,72,1
52,109,72,1
34,117,72,1
61,30,72,1
77,71,73,1
81,27,73,1
51,90,73,1
77,71,73,1
49,12,73,1
73,63,73,1
111,92,73,1
66,27,73,1
14,49,74,1
24,88,74,1
68,117,74,1
10,60,74,1
108,15,74,1
7,90,74,1
25,107,74,1
62,115,74,1
70,6,75,1
6,70,75,1
69,29,75,1
101,106,75,1
75,100,75,1
42,119,75,1
108,114,75,1
21,55,75,1
35,111,76,1
44,30,76,1
27,66,76,1
75,83,76,1
27,37,76,1
58,107,76,1
85,111,76,1
91,6,76,1
12,49,77,1
18,17,77,1
53,13,77,1
89,16,77,1
107,58,77,1
87,21,77,1
76,59,77,1
92,22,77,1
61,48,78,1
70,6,78,1
10,111,78,1
116,28,78,1
60,90,78,1
73,40,78,1
108,15,78,1
111,5,78,1
15,68,79,1
91,6,79,1
50,27,79,1
92,15,79,1
42,15,79,1
60,1,79,1
26,6,79,1
38,91,79,1
68,117,80,1
51,13,80,1
110,51,80,1
29,118,80,1
55,21,80,1
50,93,80,1
34,108,80,1
27,64,80,1
116,28,81,1
15,66,81,1
25,107,81,1
98,88,81,1
111,36,81,1
88,98,81,1
97,96,81,1
87,113,81,1
17,62,82,1
117,34,82,1
74,89,82,1
98,88,82,1
103,84,82,1
52,7,82,1
78,77,82,1
34,20,82,1
87,52,83,1
48,39,83,1
1,54,83,1
17,13,83,1
96,61,83,1
61,118,83,1
19,108,83,1
27,50,83,1
1,54,84,1
38,32,84,1
74,16,84,1
51,69,84,1
112,41,84,1
36,90,84,1
27,37,84,1
68,117,84,1
93,9,85,1
60,111,85,1
110,64,85,1
100,114,85,1
85,53,85,1
16,46,85,1
35,111,85,1
87,109,85,1
4,103,86,1
50,93,86,1
77,80,86,1
75,53,86,1
13,94,86,1
27,7,86,1
88,64,86,1
48,4,86,1
103,32,87,1
41,37,87,1
5,111,87,1
51,90,87,1
111,10,87,1
108,34,87,1
90,51,87,1
59,94,87,1
108,15,88,1
42,106,88,1
106,101,88,1
37,114,88,1
10,86,88,1
24,88,88,1
64,88,88,1
36,29,88,1
90,60,89,1
89,21,89,1
13,35,89,1
66,27,89,1
38,91,89,1
51,20,89,1
15,108,89,1
48,88,89,1
105,33,90,1
44,30,90,1
0,28,90,1
8,68,90,1
25,107,90,1
20,34,90,1
87,21,90,1
49,74,90,1
27,81,91,1
1,16,91,1
54,50,91,1
70,6,91,1
7,27,91,1
83,10,91,1
114,109,91,1
44,42,91,1
21,83,92,1
61,48,92,1
108,34,92,1
10,111,92,1
119,96,92,1
5,19,92,1
43,28,92,1
111,10,92,1
7,52,93,1
58,85,93,1
7,27,93,1
34,20,93,1
109,113,93,1
111,60,93,1
41,37,93,1
53,85,93,1
46,16,94,1
87,44,94,1
83,75,94,1
53,13,94,1
108,15,94,1
92,111,94,1
17,13,94,1
68,4,94,1
1,25,95,1
111,92,95,1
15,108,95,1
8,84,95,1
1,36,95,1
15,4,95,1
83,58,95,1
27,64,95,1
92,54,96,1
81,27,96,1
15,48,96,1
114,118,96,1
108,46,96,1
73,63,96,1
21,83,96,1
51,90,96,1
43,47,97,1
111,11,97,1
101,106,97,1
50,93,97,1
108,46,97,1
9,77,97,1
51,90,97,1
54,1,97,1
58,107,98,1
109,87,98,1
47,43,98,1
88,87,98,1
69,29,98,1
45,37,98,1
68,8,98,1
119,96,98,1
103,4,99,1
50,34,99,1
17,13,99,1
88,87,99,1
34,117,99,1
15,68,99,1
112,108,99,1
37,45,99,1
48,54,100,1
4,48,100,1
36,90,100,1
97,78,100,1
43,28,100,1
51,90,100,1
64,88,100,1
112,41,100,1
80,77,101,1
64,110,101,1
13,20,101,1
118,56,101,1
46,53,101,1
40,4,101,1
0,28,101,1
17,62,101,1
64,4,102,1
100,114,102,1
4,40,102,1
110,51,102,1
17,13,102,1
57,11,102,1
72,44,102,1
108,89,102,1
101,30,103,1
58,107,103,1
51,13,103,1
50,27,103,1
119,106,103,1
16,1,103,1
5,19,103,1
28,43,103,1
48,15,104,1
27,7,104,1
111,5,104,1
96,56,104,1
55,97,104,1
75,83,104,1
116,96,104,1
109,87,104,1
92,54,105,1
58,5,105,1
88,48,105,1
92,22,105,1
50,27,105,1
60,111,105,1
68,15,105,1
17,13,105,1
97,96,106,1
97,55,106,1
58,96,106,1
75,100,106,1
6,3,106,1
7,62,106,1
55,97,106,1
69,18,106,1
83,75,107,1
7,55,107,1
17,13,107,1
74,67,107,1
15,65,107,1
103,32,107,1
32,103,107,1
33,105,107,1
28,43,108,1
83,58,108,1
30,61,108,1
111,35,108,1
34,20,108,1
4,48,108,1
19,77,108,1
11,49,108,1
49,14,109,1
36,29,109,1
91,38,109,1
60,111,109,1
85,18,109,1
65,15,109,1
6,26,109,1
9,93,109,1
48,15,110,1
44,72,110,1
103,27,110,1
69,18,110,1
103,32,110,1
9,17,110,1
83,75,110,1
90,51,110,1
101,30,111,1
65,17,111,1
18,69,111,1
29,69,111,1
101,30,111,1
46,16,111,1
87,70,111,1
97,119,111,1
97,55,112,1
74,89,112,1
55,7,112,1
20,34,112,1
37,45,112,1
30,101,112,1
103,27,112,1
103,32,112,1
39,118,113,1
83,75,113,1
51,69,113,1
55,97,113,1
55,7,113,1
20,13,113,1
108,112,113,1
7,27,113,1
34,50,114,1
88,87,114,1
83,10,114,1
21,12,114,1
50,34,114,1
58,25,114,1
93,9,114,1
74,67,114,1
7,27,115,1
84,103,115,1
119,106,115,1
88,48,115,1
111,85,115,1
53,117,115,1
28,72,115,1
5,111,115,1
74,49,116,1
103,102,116,1
39,118,116,1
85,111,116,1
69,29,116,1
83,10,116,1
15,65,116,1
97,119,116,1
33,75,117,1
62,7,117,1
37,23,117,1
49,12,117,1
9,17,117,1
19,108,117,1
116,28,117,1
13,20,117,1
109,113,118,1
119,71,118,1
19,90,118,1
58,83,118,1
20,34,118,1
49,11,118,1
36,13,118,1
112,41,118,1
86,10,119,1
17,18,119,1
13,94,119,1
2,81,119,1
17,13,119,1
11,49,119,1
77,9,119,1
1,54,119,1
49,11,120,1
20,13,120,1
84,103,120,1
88,98,120,1
108,114,120,1
27,37,120,1
55,21,120,1
60,90,120,1
17,13,121,1
51,90,121,1
118,114,121,1
37,27,121,1
25,107,121,1
35,111,121,1
116,96,121,1
41,112,121,1
15,68,122,1
28,72,122,1
27,7,122,1
19,90,122,1
28,116,122,1
22,92,122,1
48,54,122,1
19,77,122,1
1,54,123,1
98,88,123,1
18,85,123,1
101,30,123,1
15,42,123,1
87,52,123,1
34,50,123,1
97,55,123,1
4,103,124,1
71,77,124,1
10,86,124,1
109,87,124,1
92,15,124,1
9,93,124,1
27,64,124,1
32,38,124,1
93,75,125,1
34,50,125,1
4,15,125,1
49,83,125,1
26,6,125,1
2,81,125,1
94,59,125,1
50,93,125,1
74,89,126,1
87,100,126,1
54,48,126,1
108,34,126,1
28,43,126,1
108,19,126,1
77,78,126,1
81,2,126,1
35,13,127,1
111,5,127,1
21,89,127,1
32,103,127,1
25,107,127,1
74,67,127,1
14,49,127,1
38,91,127,1
101,30,128,1
87,109,128,1
15,92,128,1
118,39,128,1
112,41,128,1
58,25,128,1
54,50,128,1
108,112,128,1
70,6,129,1
59,76,129,1
116,96,129,1
11,49,129,1
7,62,129,1
106,119,129,1
111,11,129,1
42,15,129,1
100,114,130,1
15,68,130,1
48,4,130,1
84,97,130,1
46,53,130,1
111,5,130,1
13,53,130,1
7,27,130,1
87,113,131,1
119,106,131,1
88,98,131,1
93,9,131,1
90,19,131,1
14,49,131,1
17,62,131,1
116,96,131,1
15,42,132,1
85,58,132,1
96,56,132,1
60,10,132,1
105,33,132,1
24,88,132,1
20,13,132,1
51,69,132,1
23,37,133,1
44,30,133,1
1,36,133,1
16,74,133,1
41,37,133,1
34,20,133,1
72,28,133,1
64,110,133,1
54,53,134,1
111,92,134,1
29,36,134,1
6,26,134,1
29,118,134,1
58,92,134,1
20,13,134,1
72,28,134,1
68,15,135,1
115,62,135,1
30,101,135,1
10,60,135,1
103,4,135,1
106,101,135,1
63,79,135,1
35,13,135,1
77,9,136,1
75,93,136,1
10,86,136,1
87,44,136,1
100,87,136,1
72,28,136,1
111,11,136,1
13,53,136,1
103,84,137,1
5,111,137,1
42,15,137,1
9,93,137,1
61,96,137,1
81,2,137,1
87,21,137,1
10,111,137,1
8,68,138,1
97,55,138,1
115,94,138,1
7,55,138,1
118,61,138,1
7,90,138,1
106,119,138,1
59,94,138,1
108,34,139,1
37,23,139,1
9,77,139,1
108,89,139,1
32,38,139,1
85,111,139,1
111,35,139,1
58,96,139,1
101,30,140,1
85,111,140,1
110,64,140,1
49,11,140,1
89,108,140,1
48,15,140,1
64,4,140,1
36,89,140,1
49,14,141,1
87,113,141,1
64,57,141,1
114,100,141,1
19,108,141,1
73,63,141,1
60,1,141,1
62,17,141,1
61,96,142,1
49,83,142,1
21,12,142,1
75,53,142,1
108,19,142,1
30,44,142,1
119,97,142,1
55,21,142,1
1,36,143,1
53,46,143,1
16,74,143,1
56,96,143,1
7,62,143,1
92,58,143,1
16,1,143,1
77,19,143,1
103,84,144,1
33,105,144,1
119,97,144,1
17,13,144,1
27,37,144,1
28,43,144,1
41,21,144,1
90,60,144,1
70,6,145,1
14,49,145,1
7,55,145,1
111,36,145,1
64,4,145,1
81,27,145,1
26,6,145,1
22,114,145,1
61,118,146,1
4,48,146,1
66,27,146,1
89,108,146,1
87,21,146,1
6,3,146,1
106,119,146,1
117,68,146,1
43,47,147,1
78,77,147,1
35,111,147,1
72,28,147,1
20,13,147,1
5,58,147,1
83,75,147,1
40,4,147,1
15,65,148,1
49,74,148,1
87,21,148,1
41,37,148,1
60,86,148,1
96,56,148,1
4,40,148,1
5,19,148,1
103,84,149,1
83,74,149,1
1,36,149,1
12,49,149,1
30,61,149,1
7,90,149,1
119,97,149,1
84,8,149,1
55,21,150,1
92,22,150,1
46,108,150,1
97,84,150,1
36,111,150,1
58,83,150,1
44,30,150,1
11,111,150,1
34,117,151,1
109,114,151,1
34,117,151,1
21,83,151,1
92,58,151,1
114,108,151,1
108,15,151,1
10,86,151,1
81,2,152,1
15,68,152,1
92,58,152,1
115,62,152,1
39,118,152,1
47,43,152,1
39,118,152,1
30,44,152,1
84,97,153,1
103,27,153,1
101,106,153,1
106,101,153,1
15,65,153,1
110,51,153,1
85,53,153,1
33,75,153,1
72,28,154,1
15,48,154,1
42,119,154,1
15,108,154,1
114,37,154,1
58,96,154,1
12,49,154,1
88,24,154,1
92,111,155,1
12,49,155,1
117,53,155,1
96,61,155,1
96,56,155,1
107,25,155,1
73,40,155,1
119,42,155,1
119,96,156,1
92,15,156,1
92,58,156,1
108,112,156,1
118,29,156,1
94,59,156,1
52,7,156,1
94,13,156,1
118,39,157,1
36,29,157,1
74,67,157,1
33,105,157,1
9,77,157,1
51,13,157,1
27,37,157,1
53,85,157,1
41,112,158,1
69,51,158,1
61,30,158,1
6,70,158,1
100,75,158,1
59,94,158,1
81,27,158,1
59,94,158,1
4,103,159,1
62,115,159,1
58,5,159,1
28,72,159,1
111,11,159,1
97,96,159,1
100,87,159,1
89,36,159,1
64,88,160,1
90,36,160,1
20,13,160,1
0,28,160,1
48,54,160,1
83,10,160,1
48,61,160,1
92,54,160,1
36,1,161,1
9,93,161,1
59,94,161,1
84,103,161,1
20,13,161,1
88,48,161,1
108,112,161,1
53,75,161,1
58,5,162,1
86,60,162,1
27,37,162,1
64,27,162,1
8,84,162,1
6,70,162,1
74,16,162,1
46,50,162,1
92,22,163,1
10,83,163,1
10,111,163,1
51,110,163,1
83,74,163,1
71,119,163,1
25,1,163,1
118,56,163,1
103,27,164,1
41,37,164,1
6,26,164,1
48,4,164,1
60,1,164,1
47,43,164,1
2,81,164,1
110,51,164,1
96,58,165,1
49,83,165,1
50,27,165,1
16,89,165,1
61,48,165,1
32,103,165,1
48,61,165,1
115,94,165,1
90,36,166,1
7,55,166,1
114,78,166,1
54,50,166,1
60,1,166,1
18,17,166,1
55,97,166,1
108,89,166,1
54,1,167,1
44,42,167,1
11,49,167,1
43,47,167,1
48,39,167,1
50,54,167,1
94,13,167,1
27,66,167,1
97,55,168,1
109,114,168,1
55,7,168,1
50,93,168,1
97,119,168,1
34,20,168,1
83,74,168,1
11,57,168,1
69,29,169,1
109,114,169,1
80,77,169,1
84,97,169,1
60,1,169,1
96,61,169,1
30,61,169,1
13,35,169,1
114,108,170,1
5,19,170,1
81,2,170,1
62,115,170,1
25,1,170,1
118,61,170,1
11,57,170,1
51,13,170,1
116,96,171,1
53,117,171,1
111,10,171,1
55,7,171,1
51,110,171,1
7,55,171,1
87,113,171,1
75,83,171,1
29,118,172,1
81,27,172,1
111,5,172,1
100,87,172,1
64,110,172,1
6,3,172,1
52,87,172,1
60,86,172,1
54,92,173,1
118,56,173,1
38,91,173,1
53,75,173,1
22,114,173,1
77,78,173,1
34,108,173,1
92,54,173,1
34,50,174,1
36,13,174,1
36,29,174,1
111,36,174,1
1,16,174,1
25,58,174,1
77,78,174,1
108,19,174,1
114,109,175,1
69,18,175,1
38,91,175,1
115,94,175,1
38,91,175,1
77,9,175,1
36,90,175,1
58,107,175,1
58,83,176,1
41,112,176,1
111,36,176,1
5,58,176,1
10,86,176,1
13,51,176,1
78,114,176,1
14,49,176,1
61,71,177,1
7,55,177,1
36,90,177,1
90,60,177,1
15,42,177,1
119,96,177,1
71,61,177,1
114,100,177,1
90,19,178,1
111,60,178,1
109,87,178,1
89,21,178,1
16,89,178,1
74,16,178,1
92,15,178,1
58,96,178,1
61,71,179,1
53,75,179,1
1,16,179,1
89,108,179,1
92,111,179,1
17,13,179,1
27,64,179,1
87,88,179,1
