0,62
1,54
2,58
3,90
4,42
5,62
6,64
7,92
8,70
9,62
10,82
11,50
12,70
13,46
14,52
15,80
16,78
17,42
18,88
19,88
20,92
21,72
22,72
23,74
24,66
25,48
26,60
27,60
28,40
29,70
30,52
31,54
32,46
33,98
34,56
35,80
36,84
37,82
38,46
39,42
40,96
41,88
42,84
43,48
44,64
45,74
46,48
47,62
48,60
49,80
50,90
51,30
52,56
53,84
54,64
55,84
56,76
57,54
58,50
59,74
60,90
61,78
62,48
63,100
64,56
65,78
66,78
67,82
68,84
69,62
70,48
71,32
72,52
73,76
74,70
75,42
76,86
77,86
78,28
79,72
80,68
81,64
82,54
83,64
84,32
85,38
86,66
87,70
88,100
89,46
90,60
91,94
92,92
93,46
94,92
95,78
96,46
97,46
98,100
99,48
100,54
101,58
102,70
103,26
104,98
105,40
106,74
107,86
108,46
109,62
110,96
111,88
112,82
113,44
114,78
115,42
116,34
117,46
118,30
119,70
120,44
121,84
122,56
123,84
124,42
125,86
126,86
127,68
128,48
129,80
130,60
131,52
132,70
133,48
134,50
135,46
136,72
137,50
138,44
139,98
140,52
141,70
142,78
143,78
144,46
145,90
146,86
147,56
148,70
149,82
150,72
151,84
152,88
153,90
154,50
155,92
156,84
157,56
158,50
159,52
160,46
161,88
162,70
163,46
164,72
165,56
166,78
167,60
168,90
169,70
170,32
171,72
172,86
173,82
174,34
175,56
176,68
177,70
178,48
179,44
180,36
181,56
182,60
183,66
184,48
185,78
186,32
187,48
188,60
189,64
190,74
191,82
192,88
193,102
194,78
195,40
196,46
197,102
198,26
199,60
200,64
201,68
202,94
203,54
204,54
205,68
206,96
207,72
208,62
209,88
210,74
211,80
212,62
213,92
214,58
215,62
216,76
217,54
218,68
219,48
220,88
221,70
222,76
223,82
224,46
225,40
226,92
227,88
228,58
229,68
230,62
231,56
232,88
233,62
234,50
235,106
236,84
237,80
238,80
239,70
240,64
241,84
242,104
243,82
244,50
245,66
246,76
247,28
248,110
249,98
250,50
251,34
252,94
253,78
254,56
255,88
256,72
257,78
258,64
259,86
260,66
261,74
262,80
263,70
264,44
265,50
266,48
267,70
268,46
269,68
270,84
271,74
272,50
273,58
274,94
275,56
276,74
277,74
278,82
279,50
280,44
281,84
282,56
283,54
284,48
285,90
286,52
287,78
288,78
289,56
290,78
291,74
292,62
293,68
294,64
295,14
296,62
297,68
298,62
299,62
300,62
301,80
302,70
303,34
304,56
305,38
306,50
307,84
308,60
309,42
310,68
311,78
312,74
313,74
314,62
315,84
316,98
317,54
318,46
319,48
320,64
321,92
322,78
323,82
324,106
325,68
326,52
327,42
328,102
329,70
330,36
331,66
332,52
333,44
334,62
335,82
336,84
337,66
338,42
339,58
340,80
341,78
342,40
343,70
344,58
345,90
346,38
347,94
348,60
349,104
350,38
351,70
352,90
353,68
354,70
355,50
356,100
357,68
358,84
359,78
360,72
361,90
362,56
363,58
364,58
365,64
366,58
367,42
368,64
369,90
370,68
371,64
372,86
373,90
374,80
375,70
376,64
377,74
378,54
379,86
380,92
381,72
382,52
383,88
384,62
385,62
386,76
387,62
388,54
389,86
390,48
391,88
392,76
393,62
394,96
395,42
396,58
397,66
398,32
399,42
400,44
401,44
402,100
403,88
404,82
405,46
406,68
407,62
408,58
409,62
410,56
411,38
412,30
413,42
414,62
415,40
416,52
417,98
418,52
419,70
420,34
421,24
422,56
423,78
424,98
425,82
426,42
427,100
428,74
429,74
430,40
431,76
432,72
433,86
434,56
435,102
436,74
437,80
438,126
439,60
440,100
441,74
442,82
443,64
444,84
445,68
446,90
447,42
448,52
449,26
450,58
451,74
452,42
453,76
454,70
455,58
456,48
457,100
458,90
459,62
460,34
461,42
462,82
463,78
464,76
465,84
466,58
467,54
468,72
469,40
470,30
471,56
472,68
473,66
474,42
475,46
476,60
477,48
478,48
479,60
480,28
481,32
482,26
483,34
484,66
485,76
486,80
487,46
488,84
489,88
490,74
491,86
492,44
493,78
494,50
495,58
496,60
497,76
498,68
499,36
500,64
501,58
502,56
503,92
504,68
505,78
506,76
507,86
508,52
509,52
510,66
511,80
512,46
513,74
514,68
515,40
516,78
517,68
518,92
519,46
520,66
521,60
522,48
523,64
524,54
525,78
526,80
527,80
528,54
529,52
530,46
531,68
532,68
533,84
534,70
535,54
536,56
537,68
538,40
539,82
540,72
541,42
542,60
543,66
544,62
545,44
546,56
547,66
548,58
549,84
550,102
551,62
552,66
553,96
554,100
555,54
556,56
557,86
558,76
559,24
560,68
561,72
562,74
563,62
564,74
565,106
566,96
567,62
568,74
569,80
570,64
571,54
572,70
573,62
574,36
575,74
576,100
577,60
578,54
579,34
580,38
581,54
582,38
583,50
584,78
585,60
586,54
587,70
588,90
589,30
590,40
591,80
592,78
593,88
594,52
595,40
596,80
597,42
598,72
599,54
600,106
601,62
602,42
603,44
604,58
605,72
606,66
607,20
608,62
609,40
610,68
611,66
612,46
613,66
614,42
615,48
616,54
617,60
618,42
619,56
620,98
621,82
622,98
623,58
624,70
625,42
626,42
627,64
628,60
629,46
630,52
631,80
632,88
633,60
634,64
635,74
636,70
637,30
638,80
639,50
640,88
641,70
642,92
643,82
644,102
645,82
646,52
647,46
648,60
649,36
650,74
651,64
652,36
653,72
654,78
655,44
656,102
657,56
658,78
659,48
660,54
661,52
662,92
663,46
664,106
665,56
666,88
667,96
668,60
669,76
670,78
671,78
672,56
673,54
674,36
675,78
676,50
677,78
678,62
679,60
680,72
681,80
682,48
683,68
684,84
685,52
686,66
687,56
688,32
689,52
690,58
691,40
692,58
693,92
694,68
695,58
696,76
697,50
698,70
699,94
700,44
701,98
702,66
703,48
704,62
705,72
706,46
707,60
708,50
709,54
710,64
711,78
712,88
713,84
714,76
715,84
716,90
717,40
718,64
719,60
720,46
721,46
722,44
723,62
724,54
725,74
726,76
727,56
728,80
729,32
730,52
731,76
732,82
733,48
734,74
735,52
736,64
737,28
738,54
739,68
740,44
741,60
742,60
743,90
744,66
745,78
746,48
747,80
748,80
749,60
750,46
751,82
752,66
753,62
754,30
755,58
756,66
757,30
758,94
759,44
760,70
761,78
762,92
763,52
764,78
765,62
766,78
767,44
768,56
769,72
770,50
771,66
772,78
773,86
774,48
775,66
776,14
777,52
778,94
779,72
780,30
781,76
782,74
783,40
784,54
785,58
786,70
787,40
788,56
789,76
790,64
791,34
792,86
793,54
794,98
795,68
796,72
797,84
798,52
799,112
800,66
801,94
802,94
803,62
804,68
805,32
806,66
807,44
808,36
809,38
810,54
811,84
812,54
813,72
814,68
815,68
816,76
817,42
818,52
819,72
820,76
821,70
822,52
823,62
824,102
825,82
826,68
827,104
828,42
829,88
830,82
831,64
832,42
833,56
834,92
835,42
836,76
837,50
838,66
839,78
840,98
841,60
842,68
843,44
844,58
845,60
846,74
847,72
848,100
849,66
850,54
851,106
852,72
853,100
854,34
855,20
856,82
857,76
858,74
859,92
860,84
861,52
862,90
863,70
864,76
865,44
866,34
867,66
868,44
869,86
870,76
871,56
872,66
873,84
874,44
875,42
876,58
877,74
878,64
879,66
880,48
881,30
882,72
883,80
884,62
885,44
886,94
887,98
888,82
889,60
890,64
891,64
892,48
893,74
894,90
895,58
896,92
897,84
898,70
899,76
900,60
901,102
902,48
903,54
904,68
905,84
906,72
907,44
908,46
909,48
910,76
911,36
912,86
913,84
914,64
915,32
916,98
917,66
918,92
919,48
920,66
921,42
922,50
923,48
924,90
925,82
926,84
927,58
928,62
929,44
930,66
931,80
932,80
933,58
934,82
935,30
936,48
937,82
938,80
939,76
940,30
941,74
942,72
943,84
944,100
945,70
946,66
947,82
948,108
949,102
950,68
951,50
952,78
953,44
954,96
955,60
956,52
957,96
958,48
959,66
960,88
961,48
962,46
963,52
964,72
965,82
966,76
967,74
968,74
969,90
970,60
971,80
972,104
973,30
974,68
975,60
976,60
977,60
978,70
979,72
980,74
981,86
982,34
983,76
984,94
985,44
986,80
987,60
988,74
989,40
990,48
991,72
992,42
993,66
994,56
995,36
996,74
997,74
998,62
999,60
1000,72
1001,32
1002,96
1003,52
1004,96
1005,106
1006,84
1007,106
1008,72
1009,94
1010,78
1011,78
1012,94
1013,66
1014,54
1015,80
1016,54
1017,42
1018,26
1019,88
1020,32
1021,84
1022,78
1023,64
1024,82
1025,56
1026,58
1027,48
1028,80
1029,74
1030,40
1031,74
1032,86
1033,58
1034,62
1035,52
1036,62
1037,50
1038,74
1039,78
