-1,0,19,83,1
-1,0,52,26,1
-1,0,54,59,1
-1,0,104,49,1
-1,0,77,75,1
-1,0,1,16,1
-1,0,96,25,1
-1,0,112,75,1
0,1,7,45,1
0,1,97,75,1
0,1,17,61,1
0,1,57,99,1
0,1,100,19,1
0,1,99,109,1
0,1,83,118,1
0,1,77,83,1
1,2,112,1,1
1,2,22,70,1
1,2,56,92,1
1,2,2,103,1
1,2,7,27,1
1,2,100,24,1
1,2,42,37,1
1,2,69,87,1
2,3,112,63,1
2,3,64,16,1
2,3,77,83,1
2,3,75,97,1
2,3,76,58,1
2,3,8,91,1
2,3,108,68,1
2,3,105,66,1
3,4,67,10,1
3,4,58,93,1
3,4,19,0,1
3,4,66,105,1
3,4,4,111,1
3,4,46,3,1
3,4,49,24,1
3,4,14,34,1
4,5,4,111,1
4,5,64,100,1
4,5,48,0,1
4,5,7,15,1
4,5,109,63,1
4,5,62,36,1
4,5,97,109,1
4,5,35,111,1
5,6,116,60,1
5,6,62,36,1
5,6,67,11,1
5,6,13,19,1
5,6,30,73,1
5,6,8,40,1
5,6,80,78,1
5,6,94,26,1
6,7,95,51,1
6,7,99,105,1
6,7,7,65,1
6,7,17,118,1
6,7,46,39,1
6,7,10,67,1
6,7,44,111,1
6,7,25,96,1
7,8,90,104,1
7,8,112,75,1
7,8,46,39,1
7,8,16,64,1
7,8,117,89,1
7,8,31,19,1
7,8,26,81,1
7,8,44,111,1
8,9,63,112,1
8,9,34,14,1
8,9,99,77,1
8,9,66,105,1
8,9,104,90,1
8,9,67,94,1
8,9,85,79,1
8,9,92,24,1
9,10,42,26,1
9,10,13,60,1
9,10,112,40,1
9,10,65,114,1
9,10,17,47,1
9,10,95,51,1
9,10,94,117,1
9,10,21,110,1
10,11,16,13,1
10,11,76,55,1
10,11,46,3,1
10,11,51,86,1
10,11,62,47,1
10,11,95,36,1
10,11,73,93,1
10,11,107,111,1
11,12,50,77,1
11,12,118,17,1
11,12,16,64,1
11,12,102,114,1
11,12,6,33,1
11,12,19,0,1
11,12,34,14,1
11,12,109,79,1
12,13,46,1,1
12,13,101,76,1
12,13,60,56,1
12,13,67,10,1
12,13,95,36,1
12,13,46,39,1
12,13,97,75,1
12,13,113,107,1
13,14,77,79,1
13,14,106,57,1
13,14,26,41,1
13,14,4,111,1
13,14,107,115,1
13,14,108,77,1
13,14,49,114,1
13,14,96,25,1
14,15,102,114,1
14,15,51,86,1
14,15,111,44,1
14,15,107,115,1
14,15,51,56,1
14,15,33,1,1
14,15,86,59,1
14,15,41,90,1
15,16,34,14,1
15,16,49,43,1
15,16,118,21,1
15,16,63,97,1
15,16,49,85,1
15,16,41,24,1
15,16,16,13,1
15,16,118,17,1
16,17,50,77,1
16,17,103,97,1
16,17,80,78,1
16,17,93,58,1
16,17,28,41,1
16,17,77,50,1
16,17,3,46,1
16,17,51,56,1
17,18,1,112,1
17,18,95,36,1
17,18,118,21,1
17,18,58,45,1
17,18,47,62,1
17,18,26,52,1
17,18,100,24,1
17,18,56,51,1
18,19,18,33,1
18,19,17,47,1
18,19,113,9,1
18,19,45,58,1
18,19,14,34,1
18,19,108,82,1
18,19,111,44,1
18,19,105,99,1
19,20,80,54,1
19,20,90,3,1
19,20,93,1,1
19,20,21,118,1
19,20,79,82,1
19,20,33,93,1
19,20,81,39,1
19,20,49,43,1
20,21,2,58,1
20,21,57,106,1
20,21,1,112,1
20,21,24,92,1
20,21,116,44,1
20,21,59,54,1
20,21,1,33,1
20,21,52,4,1
21,22,33,18,1
21,22,109,79,1
21,22,114,75,1
21,22,92,56,1
21,22,75,6,1
21,22,76,58,1
21,22,95,36,1
21,22,114,65,1
22,23,1,16,1
22,23,49,24,1
22,23,28,8,1
22,23,112,29,1
22,23,60,96,1
22,23,119,41,1
22,23,117,94,1
22,23,104,49,1
23,24,7,27,1
23,24,1,46,1
23,24,69,87,1
23,24,25,96,1
23,24,12,57,1
23,24,108,77,1
23,24,31,95,1
23,24,95,51,1
24,25,36,95,1
24,25,94,67,1
24,25,43,49,1
24,25,113,107,1
24,25,96,25,1
24,25,97,109,1
24,25,87,69,1
24,25,6,93,1
25,26,55,76,1
25,26,99,77,1
25,26,20,111,1
25,26,19,15,1
25,26,35,111,1
25,26,39,46,1
25,26,112,97,1
25,26,106,57,1
26,27,83,19,1
26,27,38,8,1
26,27,77,75,1
26,27,0,7,1
26,27,93,33,1
26,27,46,39,1
26,27,43,51,1
26,27,110,66,1
27,28,2,103,1
27,28,66,105,1
27,28,112,110,1
27,28,85,31,1
27,28,111,107,1
27,28,95,47,1
27,28,112,1,1
27,28,82,108,1
28,29,37,26,1
28,29,101,76,1
28,29,19,0,1
28,29,46,108,1
28,29,2,118,1
28,29,39,81,1
28,29,107,9,1
28,29,90,3,1
29,30,66,1,1
29,30,85,79,1
29,30,77,83,1
29,30,16,99,1
29,30,118,17,1
29,30,92,57,1
29,30,77,79,1
29,30,13,60,1
30,31,92,24,1
30,31,60,56,1
30,31,114,102,1
30,31,41,90,1
30,31,43,49,1
30,31,42,26,1
30,31,103,27,1
30,31,91,8,1
31,32,118,17,1
31,32,25,96,1
31,32,83,60,1
31,32,24,92,1
31,32,1,33,1
31,32,1,93,1
31,32,31,19,1
31,32,4,94,1
32,33,36,95,1
32,33,84,65,1
32,33,6,93,1
32,33,100,64,1
32,33,13,16,1
32,33,96,49,1
32,33,63,109,1
32,33,41,90,1
33,34,69,87,1
33,34,83,60,1
33,34,64,100,1
33,34,101,76,1
33,34,98,15,1
33,34,107,9,1
33,34,24,92,1
33,34,89,117,1
34,35,88,34,1
34,35,36,62,1
34,35,26,42,1
34,35,42,26,1
34,35,33,6,1
34,35,19,15,1
34,35,19,0,1
34,35,67,9,1
35,36,90,3,1
35,36,61,19,1
35,36,15,7,1
35,36,26,37,1
35,36,85,60,1
35,36,46,108,1
35,36,82,116,1
35,36,16,99,1
36,37,83,60,1
36,37,61,34,1
36,37,111,44,1
36,37,6,75,1
36,37,2,105,1
36,37,96,49,1
36,37,81,26,1
36,37,84,86,1
37,38,60,96,1
37,38,13,16,1
37,38,104,49,1
37,38,74,18,1
37,38,118,21,1
37,38,40,8,1
37,38,63,97,1
37,38,16,13,1
38,39,51,43,1
38,39,67,10,1
38,39,40,112,1
38,39,44,111,1
38,39,0,19,1
38,39,18,33,1
38,39,91,8,1
38,39,118,83,1
39,40,54,59,1
39,40,80,54,1
39,40,31,19,1
39,40,73,30,1
39,40,27,7,1
39,40,51,56,1
39,40,101,76,1
39,40,63,112,1
40,41,76,99,1
40,41,90,41,1
40,41,82,16,1
40,41,107,9,1
40,41,67,9,1
40,41,52,94,1
40,41,4,52,1
40,41,56,92,1
41,42,40,8,1
41,42,41,119,1
41,42,111,4,1
41,42,73,30,1
41,42,67,94,1
41,42,79,77,1
41,42,12,33,1
41,42,67,10,1
42,43,24,49,1
42,43,16,82,1
42,43,93,108,1
42,43,2,103,1
42,43,57,12,1
42,43,101,76,1
42,43,57,12,1
42,43,26,37,1
43,44,46,1,1
43,44,15,7,1
43,44,64,100,1
43,44,67,10,1
43,44,110,21,1
43,44,90,3,1
43,44,82,16,1
43,44,108,46,1
44,45,79,82,1
44,45,109,99,1
44,45,94,67,1
44,45,4,58,1
44,45,105,2,1
44,45,105,66,1
44,45,61,34,1
44,45,98,36,1
45,46,62,36,1
45,46,57,78,1
45,46,39,46,1
45,46,51,43,1
45,46,61,34,1
45,46,61,45,1
45,46,63,97,1
45,46,60,13,1
46,47,0,84,1
46,47,43,51,1
46,47,15,19,1
46,47,92,57,1
46,47,60,116,1
46,47,77,108,1
46,47,52,4,1
46,47,51,95,1
47,48,1,33,1
47,48,106,57,1
47,48,56,60,1
47,48,89,117,1
47,48,95,47,1
47,48,26,41,1
47,48,93,33,1
47,48,100,64,1
48,49,36,98,1
48,49,1,112,1
48,49,63,114,1
48,49,64,16,1
48,49,99,105,1
48,49,19,48,1
48,49,80,78,1
48,49,63,97,1
49,50,17,118,1
49,50,38,6,1
49,50,94,67,1
49,50,66,110,1
49,50,2,105,1
49,50,4,94,1
49,50,96,25,1
49,50,72,39,1
50,51,73,30,1
50,51,108,77,1
50,51,13,16,1
50,51,109,99,1
50,51,75,77,1
50,51,87,11,1
50,51,21,118,1
50,51,49,43,1
51,52,77,83,1
51,52,75,6,1
51,52,46,1,1
51,52,24,100,1
51,52,111,35,1
51,52,41,119,1
51,52,63,97,1
51,52,36,95,1
52,53,77,75,1
52,53,68,108,1
52,53,38,8,1
52,53,114,49,1
52,53,47,95,1
52,53,94,4,1
52,53,10,67,1
52,53,60,96,1
53,54,73,30,1
53,54,104,90,1
53,54,94,4,1
53,54,113,107,1
53,54,85,60,1
53,54,114,63,1
53,54,82,79,1
53,54,111,35,1
54,55,44,111,1
54,55,1,46,1
54,55,109,63,1
54,55,78,57,1
54,55,27,7,1
54,55,111,107,1
54,55,112,97,1
54,55,8,28,1
55,56,112,75,1
55,56,47,62,1
55,56,43,51,1
55,56,19,83,1
55,56,48,19,1
55,56,26,81,1
55,56,85,49,1
55,56,108,112,1
56,57,97,63,1
56,57,44,39,1
56,57,42,6,1
56,57,58,4,1
56,57,7,0,1
56,57,82,108,1
56,57,34,61,1
56,57,19,13,1
57,58,57,99,1
57,58,16,13,1
57,58,101,76,1
57,58,52,26,1
57,58,109,99,1
57,58,24,92,1
57,58,65,114,1
57,58,7,27,1
58,59,112,110,1
58,59,87,11,1
58,59,113,9,1
58,59,64,100,1
58,59,100,19,1
58,59,71,21,1
58,59,90,104,1
58,59,52,26,1
59,60,102,114,1
59,60,74,18,1
59,60,37,42,1
59,60,33,12,1
59,60,58,76,1
59,60,83,19,1
59,60,7,0,1
59,60,75,112,1
60,61,99,57,1
60,61,99,77,1
60,61,81,39,1
60,61,112,108,1
60,61,114,87,1
60,61,33,12,1
60,61,92,57,1
60,61,84,86,1
61,62,76,99,1
61,62,112,108,1
61,62,67,11,1
61,62,46,3,1
61,62,93,6,1
61,62,98,15,1
61,62,115,111,1
61,62,34,14,1
62,63,11,67,1
62,63,74,33,1
62,63,16,13,1
62,63,118,83,1
62,63,110,21,1
62,63,100,64,1
62,63,37,42,1
62,63,16,64,1
63,64,51,43,1
63,64,112,97,1
63,64,97,112,1
63,64,65,114,1
63,64,58,76,1
63,64,75,77,1
63,64,4,52,1
63,64,17,118,1
64,65,56,60,1
64,65,83,60,1
64,65,1,66,1
64,65,64,50,1
64,65,112,1,1
64,65,118,21,1
64,65,52,94,1
64,65,49,24,1
65,66,7,0,1
65,66,95,51,1
65,66,19,0,1
65,66,67,9,1
65,66,111,4,1
65,66,4,52,1
65,66,24,95,1
65,66,27,7,1
66,67,39,72,1
66,67,108,99,1
66,67,43,51,1
66,67,58,93,1
66,67,99,33,1
66,67,109,99,1
66,67,58,2,1
66,67,20,111,1
67,68,4,94,1
67,68,84,0,1
67,68,94,26,1
67,68,39,81,1
67,68,82,33,1
67,68,22,70,1
67,68,21,71,1
67,68,85,49,1
68,69,51,43,1
68,69,8,28,1
68,69,9,67,1
68,69,21,118,1
68,69,28,8,1
68,69,51,95,1
68,69,111,107,1
68,69,13,16,1
69,70,112,29,1
69,70,110,66,1
69,70,83,77,1
69,70,11,67,1
69,70,108,99,1
69,70,112,1,1
69,70,63,114,1
69,70,105,66,1
70,71,107,113,1
70,71,117,89,1
70,71,54,80,1
70,71,108,93,1
70,71,95,24,1
70,71,7,45,1
70,71,15,19,1
70,71,47,62,1
71,72,71,21,1
71,72,61,45,1
71,72,60,85,1
71,72,94,4,1
71,72,97,103,1
71,72,1,66,1
71,72,9,107,1
71,72,1,16,1
72,73,45,61,1
72,73,114,63,1
72,73,86,51,1
72,73,52,94,1
72,73,84,65,1
72,73,100,64,1
72,73,99,57,1
72,73,36,62,1
73,74,87,69,1
73,74,4,94,1
73,74,93,6,1
73,74,103,2,1
73,74,77,79,1
73,74,109,97,1
73,74,61,17,1
73,74,33,12,1
74,75,112,1,1
74,75,33,18,1
74,75,9,107,1
74,75,29,112,1
74,75,101,76,1
74,75,44,111,1
74,75,16,82,1
74,75,60,85,1
75,76,19,48,1
75,76,110,66,1
75,76,90,3,1
75,76,90,104,1
75,76,113,107,1
75,76,13,19,1
75,76,75,77,1
75,76,24,41,1
76,77,114,87,1
76,77,82,108,1
76,77,109,79,1
76,77,30,73,1
76,77,68,77,1
76,77,9,113,1
76,77,106,57,1
76,77,48,0,1
77,78,60,96,1
77,78,79,82,1
77,78,76,101,1
77,78,45,7,1
77,78,71,21,1
77,78,17,118,1
77,78,66,110,1
77,78,7,0,1
78,79,94,4,1
78,79,72,39,1
78,79,0,48,1
78,79,7,0,1
78,79,10,67,1
78,79,22,70,1
78,79,60,56,1
78,79,86,51,1
79,80,98,15,1
79,80,61,45,1
79,80,112,97,1
79,80,57,78,1
79,80,86,51,1
79,80,100,64,1
79,80,28,8,1
79,80,41,90,1
80,81,19,48,1
80,81,16,99,1
80,81,77,79,1
80,81,38,6,1
80,81,63,97,1
80,81,26,52,1
80,81,93,58,1
80,81,26,42,1
81,82,41,26,1
81,82,40,8,1
81,82,46,3,1
81,82,1,46,1
81,82,111,107,1
81,82,75,16,1
81,82,108,112,1
81,82,35,113,1
82,83,62,47,1
82,83,16,64,1
82,83,93,58,1
82,83,37,42,1
82,83,83,77,1
82,83,29,112,1
82,83,115,9,1
82,83,114,75,1
83,84,57,78,1
83,84,6,42,1
83,84,109,63,1
83,84,60,56,1
83,84,78,57,1
83,84,47,17,1
83,84,107,115,1
83,84,110,112,1
84,85,80,54,1
84,85,108,99,1
84,85,28,41,1
84,85,37,42,1
84,85,99,33,1
84,85,65,114,1
84,85,105,99,1
84,85,61,19,1
85,86,61,45,1
85,86,112,75,1
85,86,94,117,1
85,86,108,68,1
85,86,9,115,1
85,86,109,99,1
85,86,77,79,1
85,86,52,4,1
86,87,58,2,1
86,87,61,45,1
86,87,14,34,1
86,87,43,49,1
86,87,10,67,1
86,87,46,39,1
86,87,9,107,1
86,87,75,114,1
87,88,19,48,1
87,88,58,93,1
87,88,21,110,1
87,88,49,85,1
87,88,77,108,1
87,88,75,97,1
87,88,6,38,1
87,88,95,51,1
88,89,19,61,1
88,89,113,10,1
88,89,63,109,1
88,89,75,6,1
88,89,71,21,1
88,89,43,49,1
88,89,102,114,1
88,89,95,47,1
89,90,80,54,1
89,90,24,41,1
89,90,99,33,1
89,90,73,30,1
89,90,77,99,1
89,90,1,16,1
89,90,16,64,1
89,90,116,82,1
90,91,69,87,1
90,91,64,16,1
90,91,111,115,1
90,91,29,112,1
90,91,109,97,1
90,91,94,67,1
90,91,60,56,1
90,91,115,9,1
91,92,13,16,1
91,92,10,113,1
91,92,112,110,1
91,92,46,39,1
91,92,19,83,1
91,92,75,6,1
91,92,67,9,1
91,92,92,56,1
92,93,63,114,1
92,93,118,2,1
92,93,48,0,1
92,93,22,70,1
92,93,86,84,1
92,93,21,110,1
92,93,14,34,1
92,93,99,33,1
93,94,59,54,1
93,94,96,60,1
93,94,75,112,1
93,94,116,82,1
93,94,114,102,1
93,94,52,4,1
93,94,117,94,1
93,94,13,16,1
94,95,19,61,1
94,95,97,109,1
94,95,8,40,1
94,95,99,57,1
94,95,55,76,1
94,95,26,94,1
94,95,56,51,1
94,95,103,2,1
95,96,33,82,1
95,96,16,82,1
95,96,33,18,1
95,96,94,67,1
95,96,103,27,1
95,96,61,45,1
95,96,108,68,1
95,96,49,114,1
96,97,76,101,1
96,97,31,85,1
96,97,77,50,1
96,97,26,41,1
96,97,46,3,1
96,97,66,105,1
96,97,118,17,1
96,97,18,74,1
97,98,36,95,1
97,98,36,98,1
97,98,51,95,1
97,98,94,52,1
97,98,65,114,1
97,98,45,58,1
97,98,0,19,1
97,98,41,26,1
98,99,40,8,1
98,99,64,100,1
98,99,0,48,1
98,99,94,67,1
98,99,94,67,1
98,99,81,26,1
98,99,97,112,1
98,99,6,42,1
99,100,11,87,1
99,100,101,76,1
99,100,54,80,1
99,100,49,104,1
99,100,19,61,1
99,100,63,97,1
99,100,47,17,1
99,100,38,6,1
100,101,4,94,1
100,101,50,64,1
100,101,19,48,1
100,101,75,77,1
100,101,90,104,1
100,101,93,73,1
100,101,84,0,1
100,101,26,41,1
101,102,108,77,1
101,102,76,58,1
101,102,64,50,1
101,102,74,18,1
101,102,97,103,1
101,102,18,33,1
101,102,114,65,1
101,102,39,46,1
102,103,1,66,1
102,103,75,77,1
102,103,108,82,1
102,103,99,109,1
102,103,58,93,1
102,103,34,88,1
102,103,76,101,1
102,103,61,19,1
103,104,33,12,1
103,104,35,111,1
103,104,88,34,1
103,104,118,17,1
103,104,108,112,1
103,104,45,7,1
103,104,112,97,1
103,104,33,6,1
104,105,33,12,1
104,105,82,16,1
104,105,7,0,1
104,105,0,7,1
104,105,51,95,1
104,105,66,105,1
104,105,77,50,1
104,105,81,26,1
105,106,7,45,1
105,106,75,77,1
105,106,86,51,1
105,106,6,42,1
105,106,7,15,1
105,106,17,118,1
105,106,18,33,1
105,106,50,24,1
106,107,20,111,1
106,107,90,41,1
106,107,42,37,1
106,107,0,7,1
106,107,76,58,1
106,107,20,111,1
106,107,49,96,1
106,107,34,61,1
107,108,26,94,1
107,108,81,60,1
107,108,56,92,1
107,108,97,63,1
107,108,102,114,1
107,108,57,106,1
107,108,54,59,1
107,108,36,62,1
108,109,83,19,1
108,109,7,45,1
108,109,1,112,1
108,109,72,39,1
108,109,103,2,1
108,109,25,96,1
108,109,14,34,1
108,109,94,117,1
109,110,11,67,1
109,110,38,6,1
109,110,8,91,1
109,110,95,36,1
109,110,92,56,1
109,110,112,110,1
109,110,85,31,1
109,110,60,56,1
110,111,52,26,1
110,111,82,33,1
110,111,60,13,1
110,111,74,33,1
110,111,114,65,1
110,111,113,35,1
110,111,109,63,1
110,111,66,94,1
111,112,85,60,1
111,112,110,21,1
111,112,4,52,1
111,112,104,90,1
111,112,75,97,1
111,112,113,9,1
111,112,2,58,1
111,112,33,99,1
112,113,111,35,1
112,113,86,84,1
112,113,113,9,1
112,113,28,41,1
112,113,17,61,1
112,113,99,108,1
112,113,106,57,1
112,113,81,60,1
113,114,41,24,1
113,114,21,110,1
113,114,65,114,1
113,114,51,43,1
113,114,75,77,1
113,114,63,109,1
113,114,49,114,1
113,114,49,24,1
114,115,8,40,1
114,115,38,6,1
114,115,105,2,1
114,115,51,95,1
114,115,54,80,1
114,115,97,103,1
114,115,38,6,1
114,115,19,31,1
115,116,22,70,1
115,116,103,97,1
115,116,1,46,1
115,116,19,100,1
115,116,9,115,1
115,116,112,75,1
115,116,43,14,1
115,116,103,27,1
116,117,56,92,1
116,117,19,13,1
116,117,117,89,1
116,117,75,112,1
116,117,83,118,1
116,117,114,63,1
116,117,99,108,1
116,117,44,111,1
117,118,51,86,1
117,118,44,111,1
117,118,37,26,1
117,118,51,43,1
117,118,34,61,1
117,118,31,85,1
117,118,46,108,1
117,118,112,108,1
118,119,90,41,1
118,119,54,80,1
118,119,17,47,1
118,119,75,6,1
118,119,60,81,1
118,119,16,13,1
118,119,113,35,1
118,119,33,82,1
119,120,19,100,1
119,120,48,0,1
119,120,77,79,1
119,120,6,42,1
119,120,111,44,1
119,120,19,15,1
119,120,82,33,1
119,120,94,117,1
120,121,88,34,1
120,121,113,9,1
120,121,94,4,1
120,121,19,83,1
120,121,110,21,1
120,121,37,107,1
120,121,100,64,1
120,121,107,115,1
121,122,61,19,1
121,122,94,26,1
121,122,19,15,1
121,122,30,73,1
121,122,24,41,1
121,122,94,26,1
121,122,99,109,1
121,122,86,59,1
122,123,42,26,1
122,123,51,95,1
122,123,54,80,1
122,123,4,94,1
122,123,15,98,1
122,123,3,46,1
122,123,60,85,1
122,123,105,2,1
123,124,88,34,1
123,124,112,63,1
123,124,46,1,1
123,124,94,4,1
123,124,103,2,1
123,124,29,112,1
123,124,49,43,1
123,124,62,36,1
124,125,1,112,1
124,125,116,60,1
124,125,108,93,1
124,125,63,114,1
124,125,49,104,1
124,125,60,81,1
124,125,16,64,1
124,125,58,4,1
125,126,41,90,1
125,126,99,16,1
125,126,24,95,1
125,126,2,105,1
125,126,14,43,1
125,126,16,82,1
125,126,79,85,1
125,126,87,11,1
126,127,35,4,1
126,127,68,77,1
126,127,51,43,1
126,127,99,57,1
126,127,50,24,1
126,127,73,93,1
126,127,111,107,1
126,127,96,25,1
127,128,67,94,1
127,128,86,84,1
127,128,54,80,1
127,128,81,26,1
127,128,93,6,1
127,128,6,75,1
127,128,99,108,1
127,128,112,29,1
128,129,90,41,1
128,129,111,35,1
128,129,31,95,1
128,129,67,11,1
128,129,46,108,1
128,129,93,73,1
128,129,75,97,1
128,129,68,77,1
129,130,104,90,1
129,130,13,16,1
129,130,6,93,1
129,130,63,97,1
129,130,7,0,1
129,130,4,94,1
129,130,7,15,1
129,130,82,16,1
130,131,36,62,1
130,131,11,87,1
130,131,49,96,1
130,131,109,97,1
130,131,108,112,1
130,131,55,76,1
130,131,85,60,1
130,131,16,99,1
131,132,83,77,1
131,132,27,103,1
131,132,24,100,1
131,132,19,31,1
131,132,95,31,1
131,132,116,82,1
131,132,87,114,1
131,132,62,47,1
132,133,26,52,1
132,133,30,73,1
132,133,2,58,1
132,133,97,103,1
132,133,112,75,1
132,133,57,12,1
132,133,50,24,1
132,133,19,15,1
133,134,118,17,1
133,134,64,16,1
133,134,35,113,1
133,134,19,13,1
133,134,38,8,1
133,134,34,88,1
133,134,64,100,1
133,134,117,94,1
134,135,1,16,1
134,135,90,41,1
134,135,63,112,1
134,135,28,8,1
134,135,92,57,1
134,135,47,95,1
134,135,40,8,1
134,135,108,82,1
135,136,67,94,1
135,136,99,76,1
135,136,2,118,1
135,136,4,94,1
135,136,96,60,1
135,136,81,26,1
135,136,97,63,1
135,136,61,19,1
136,137,24,41,1
136,137,57,12,1
136,137,46,108,1
136,137,77,68,1
136,137,54,80,1
136,137,77,68,1
136,137,107,115,1
136,137,26,94,1
137,138,93,58,1
137,138,24,100,1
137,138,65,7,1
137,138,107,37,1
137,138,63,109,1
137,138,36,98,1
137,138,78,57,1
137,138,0,48,1
138,139,27,7,1
138,139,97,63,1
138,139,24,41,1
138,139,42,26,1
138,139,16,99,1
138,139,92,57,1
138,139,12,33,1
138,139,35,4,1
139,140,114,87,1
139,140,40,8,1
139,140,89,117,1
139,140,108,77,1
139,140,8,38,1
139,140,94,4,1
139,140,116,44,1
139,140,63,114,1
140,141,75,77,1
140,141,51,43,1
140,141,60,116,1
140,141,77,108,1
140,141,60,96,1
140,141,83,77,1
140,141,96,25,1
140,141,114,75,1
141,142,16,13,1
141,142,57,12,1
141,142,92,24,1
141,142,6,93,1
141,142,105,2,1
141,142,81,26,1
141,142,75,114,1
141,142,113,9,1
142,143,7,27,1
142,143,82,79,1
142,143,8,40,1
142,143,57,99,1
142,143,77,75,1
142,143,109,63,1
142,143,93,33,1
142,143,22,70,1
143,144,50,24,1
143,144,7,15,1
143,144,4,111,1
143,144,94,4,1
143,144,115,107,1
143,144,34,14,1
143,144,114,49,1
143,144,63,109,1
144,145,119,41,1
144,145,57,92,1
144,145,99,77,1
144,145,108,82,1
144,145,79,109,1
144,145,61,45,1
144,145,86,51,1
144,145,77,99,1
145,146,93,58,1
145,146,94,26,1
145,146,82,116,1
145,146,15,98,1
145,146,22,70,1
145,146,46,1,1
145,146,96,60,1
145,146,26,52,1
146,147,93,73,1
146,147,48,19,1
146,147,6,93,1
146,147,99,105,1
146,147,88,34,1
146,147,76,55,1
146,147,81,60,1
146,147,95,24,1
147,148,109,63,1
147,148,118,83,1
147,148,99,77,1
147,148,94,26,1
147,148,7,65,1
147,148,64,53,1
147,148,52,26,1
147,148,58,45,1
148,149,90,104,1
148,149,56,92,1
148,149,82,33,1
148,149,79,109,1
148,149,97,103,1
148,149,100,19,1
148,149,108,77,1
148,149,112,1,1
149,150,19,31,1
149,150,66,94,1
149,150,82,108,1
149,150,111,20,1
149,150,36,62,1
149,150,98,36,1
149,150,109,63,1
149,150,79,109,1
150,151,93,108,1
150,151,86,59,1
150,151,60,85,1
150,151,62,36,1
150,151,99,109,1
150,151,96,49,1
150,151,110,112,1
150,151,24,95,1
151,152,87,11,1
151,152,108,46,1
151,152,53,64,1
151,152,9,113,1
151,152,0,84,1
151,152,19,0,1
151,152,22,70,1
151,152,77,75,1
152,153,7,65,1
152,153,49,85,1
152,153,6,93,1
152,153,2,103,1
152,153,35,4,1
152,153,60,116,1
152,153,34,88,1
152,153,11,87,1
153,154,24,100,1
153,154,3,90,1
153,154,87,114,1
153,154,111,44,1
153,154,93,58,1
153,154,83,118,1
153,154,97,109,1
153,154,33,18,1
154,155,66,1,1
154,155,35,113,1
154,155,114,49,1
154,155,103,2,1
154,155,76,58,1
154,155,95,24,1
154,155,26,37,1
154,155,9,115,1
155,156,6,93,1
155,156,65,7,1
155,156,0,48,1
155,156,60,96,1
155,156,96,60,1
155,156,24,41,1
155,156,37,42,1
155,156,26,37,1
156,157,53,64,1
156,157,104,90,1
156,157,92,56,1
156,157,93,6,1
156,157,37,42,1
156,157,86,59,1
156,157,13,19,1
156,157,82,16,1
157,158,61,45,1
157,158,117,89,1
157,158,99,57,1
157,158,9,67,1
157,158,75,77,1
157,158,82,16,1
157,158,33,93,1
157,158,111,20,1
158,159,111,4,1
158,159,98,36,1
158,159,115,111,1
158,159,79,109,1
158,159,49,24,1
158,159,39,44,1
158,159,111,107,1
158,159,41,90,1
159,160,106,57,1
159,160,13,16,1
159,160,77,79,1
159,160,24,50,1
159,160,60,85,1
159,160,28,8,1
159,160,18,74,1
159,160,43,49,1
160,161,94,67,1
160,161,100,19,1
160,161,6,93,1
160,161,4,58,1
160,161,43,51,1
160,161,93,6,1
160,161,111,107,1
160,161,57,99,1
161,162,58,4,1
161,162,67,11,1
161,162,16,1,1
161,162,1,46,1
161,162,107,113,1
161,162,115,9,1
161,162,24,50,1
161,162,103,97,1
162,163,97,75,1
162,163,33,12,1
162,163,95,90,1
162,163,11,87,1
162,163,70,22,1
162,163,81,26,1
162,163,111,44,1
162,163,9,107,1
163,164,58,76,1
163,164,41,24,1
163,164,56,92,1
163,164,13,60,1
163,164,21,71,1
163,164,7,65,1
163,164,34,14,1
163,164,73,93,1
164,165,75,6,1
164,165,86,84,1
164,165,6,33,1
164,165,51,86,1
164,165,66,105,1
164,165,26,42,1
164,165,64,100,1
164,165,75,6,1
165,166,90,41,1
165,166,63,112,1
165,166,16,99,1
165,166,94,26,1
165,166,114,102,1
165,166,90,3,1
165,166,114,63,1
165,166,33,93,1
166,167,51,86,1
166,167,36,98,1
166,167,113,9,1
166,167,108,99,1
166,167,59,54,1
166,167,64,16,1
166,167,45,7,1
166,167,81,26,1
167,168,60,96,1
167,168,97,103,1
167,168,47,62,1
167,168,13,60,1
167,168,33,93,1
167,168,24,92,1
167,168,36,98,1
167,168,115,9,1
168,169,33,6,1
168,169,33,6,1
168,169,114,87,1
168,169,119,41,1
168,169,16,1,1
168,169,91,8,1
168,169,86,51,1
168,169,42,26,1
169,170,60,96,1
169,170,69,87,1
169,170,26,81,1
169,170,119,41,1
169,170,41,26,1
169,170,36,98,1
169,170,63,114,1
169,170,51,86,1
170,171,114,75,1
170,171,112,110,1
170,171,57,106,1
170,171,42,37,1
170,171,31,19,1
170,171,26,37,1
170,171,114,102,1
170,171,116,82,1
171,172,4,52,1
171,172,113,35,1
171,172,97,103,1
171,172,97,112,1
171,172,19,13,1
171,172,82,33,1
171,172,16,82,1
171,172,17,118,1
172,173,8,38,1
172,173,86,59,1
172,173,86,84,1
172,173,8,40,1
172,173,3,90,1
172,173,79,85,1
172,173,65,7,1
172,173,4,94,1
173,174,7,15,1
173,174,41,24,1
173,174,99,105,1
173,174,90,3,1
173,174,99,77,1
173,174,51,56,1
173,174,35,4,1
173,174,117,89,1
174,175,63,114,1
174,175,114,49,1
174,175,77,83,1
174,175,43,49,1
174,175,10,113,1
174,175,108,93,1
174,175,0,7,1
174,175,66,110,1
175,176,56,92,1
175,176,19,0,1
175,176,42,26,1
175,176,111,44,1
175,176,85,31,1
175,176,10,67,1
175,176,6,38,1
175,176,60,13,1
176,177,118,17,1
176,177,117,89,1
176,177,34,88,1
176,177,111,115,1
176,177,118,17,1
176,177,26,81,1
176,177,19,83,1
176,177,98,15,1
177,178,7,65,1
177,178,116,44,1
177,178,7,27,1
177,178,51,86,1
177,178,63,114,1
177,178,62,47,1
177,178,76,99,1
177,178,115,107,1
178,179,114,63,1
178,179,26,81,1
178,179,62,47,1
178,179,95,51,1
178,179,4,111,1
178,179,17,118,1
178,179,31,85,1
178,179,44,111,1
