-1,0,34,6,1
-1,0,72,26,1
-1,0,68,28,1
-1,0,4,0,1
-1,0,70,65,1
-1,0,40,31,1
-1,0,28,72,1
-1,0,7,30,1
0,1,115,71,1
0,1,44,36,1
0,1,39,37,1
0,1,51,25,1
0,1,96,42,1
0,1,63,14,1
0,1,64,68,1
0,1,40,42,1
1,2,40,7,1
1,2,55,8,1
1,2,80,26,1
1,2,116,51,1
1,2,114,61,1
1,2,94,57,1
1,2,26,73,1
1,2,58,96,1
2,3,105,41,1
2,3,65,47,1
2,3,78,17,1
2,3,34,29,1
2,3,90,57,1
2,3,49,9,1
2,3,23,94,1
2,3,3,94,1
3,4,32,26,1
3,4,56,44,1
3,4,44,43,1
3,4,22,1,1
3,4,56,39,1
3,4,69,24,1
3,4,35,87,1
3,4,59,107,1
4,5,93,2,1
4,5,30,19,1
4,5,101,98,1
4,5,72,26,1
4,5,54,8,1
4,5,110,72,1
4,5,33,70,1
4,5,11,29,1
5,6,83,17,1
5,6,90,58,1
5,6,99,20,1
5,6,21,11,1
5,6,34,28,1
5,6,117,9,1
5,6,48,72,1
5,6,35,84,1
6,7,43,33,1
6,7,23,7,1
6,7,28,27,1
6,7,106,97,1
6,7,28,22,1
6,7,114,61,1
6,7,11,51,1
6,7,4,99,1
7,8,49,46,1
7,8,101,36,1
7,8,119,59,1
7,8,117,10,1
7,8,77,76,1
7,8,68,61,1
7,8,33,42,1
7,8,8,38,1
8,9,62,26,1
8,9,26,1,1
8,9,54,46,1
8,9,80,28,1
8,9,85,38,1
8,9,87,73,1
8,9,20,37,1
8,9,19,29,1
9,10,102,33,1
9,10,21,12,1
9,10,95,38,1
9,10,44,20,1
9,10,23,8,1
9,10,26,12,1
9,10,41,79,1
9,10,31,59,1
10,11,50,40,1
10,11,59,27,1
10,11,61,46,1
10,11,96,47,1
10,11,116,21,1
10,11,94,58,1
10,11,7,30,1
10,11,31,98,1
11,12,27,26,1
11,12,87,29,1
11,12,107,30,1
11,12,62,5,1
11,12,25,5,1
11,12,58,0,1
11,12,89,106,1
11,12,60,99,1
12,13,96,32,1
12,13,51,42,1
12,13,111,51,1
12,13,33,29,1
12,13,110,106,1
12,13,115,19,1
12,13,25,52,1
12,13,9,117,1
13,14,118,91,1
13,14,34,32,1
13,14,89,40,1
13,14,48,21,1
13,14,68,26,1
13,14,55,6,1
13,14,50,84,1
13,14,1,65,1
14,15,39,17,1
14,15,45,29,1
14,15,40,1,1
14,15,83,51,1
14,15,27,5,1
14,15,50,24,1
14,15,85,119,1
14,15,7,26,1
15,16,38,17,1
15,16,44,31,1
15,16,70,28,1
15,16,101,79,1
15,16,42,27,1
15,16,68,33,1
15,16,13,23,1
15,16,21,50,1
16,17,53,48,1
16,17,48,0,1
16,17,65,27,1
16,17,114,88,1
16,17,47,24,1
16,17,25,7,1
16,17,0,26,1
16,17,21,78,1
17,18,86,27,1
17,18,62,27,1
17,18,67,6,1
17,18,111,45,1
17,18,64,29,1
17,18,114,25,1
17,18,36,41,1
17,18,27,88,1
18,19,35,25,1
18,19,58,1,1
18,19,88,36,1
18,19,93,85,1
18,19,93,85,1
18,19,59,6,1
18,19,30,94,1
18,19,22,83,1
19,20,89,25,1
19,20,113,97,1
19,20,88,70,1
19,20,96,16,1
19,20,70,33,1
19,20,82,62,1
19,20,40,63,1
19,20,0,28,1
20,21,35,1,1
20,21,119,93,1
20,21,78,31,1
20,21,56,23,1
20,21,116,46,1
20,21,51,16,1
20,21,28,95,1
20,21,45,56,1
21,22,111,64,1
21,22,94,27,1
21,22,67,38,1
21,22,25,3,1
21,22,31,30,1
21,22,71,67,1
21,22,37,75,1
21,22,38,49,1
22,23,95,23,1
22,23,37,24,1
22,23,63,19,1
22,23,103,70,1
22,23,111,45,1
22,23,90,26,1
22,23,60,74,1
22,23,11,31,1
23,24,68,22,1
23,24,71,29,1
23,24,110,50,1
23,24,28,18,1
23,24,44,13,1
23,24,60,42,1
23,24,85,119,1
23,24,16,72,1
24,25,78,45,1
24,25,29,21,1
24,25,52,37,1
24,25,45,31,1
24,25,52,34,1
24,25,61,27,1
24,25,46,93,1
24,25,45,63,1
25,26,87,26,1
25,26,50,24,1
25,26,69,29,1
25,26,30,21,1
25,26,110,95,1
25,26,96,55,1
25,26,30,55,1
25,26,52,66,1
26,27,79,34,1
26,27,116,23,1
26,27,107,22,1
26,27,91,21,1
26,27,118,33,1
26,27,93,28,1
26,27,17,38,1
26,27,47,79,1
27,28,22,19,1
27,28,65,21,1
27,28,82,66,1
27,28,74,15,1
27,28,69,32,1
27,28,76,1,1
27,28,67,105,1
27,28,27,117,1
28,29,80,76,1
28,29,112,19,1
28,29,76,34,1
28,29,76,21,1
28,29,31,0,1
28,29,108,27,1
28,29,88,95,1
28,29,26,102,1
29,30,111,36,1
29,30,27,0,1
29,30,87,86,1
29,30,79,28,1
29,30,29,12,1
29,30,96,39,1
29,30,13,31,1
29,30,42,58,1
30,31,76,1,1
30,31,72,16,1
30,31,88,42,1
30,31,108,28,1
30,31,105,1,1
30,31,104,96,1
30,31,4,111,1
30,31,82,85,1
31,32,88,50,1
31,32,56,20,1
31,32,58,54,1
31,32,48,1,1
31,32,103,32,1
31,32,119,82,1
31,32,36,88,1
31,32,45,64,1
32,33,58,41,1
32,33,108,27,1
32,33,86,5,1
32,33,41,21,1
32,33,88,50,1
32,33,81,75,1
32,33,0,86,1
32,33,38,69,1
33,34,91,39,1
33,34,83,12,1
33,34,54,7,1
33,34,40,14,1
33,34,118,23,1
33,34,75,16,1
33,34,21,67,1
33,34,18,22,1
34,35,59,15,1
34,35,69,35,1
34,35,84,13,1
34,35,46,26,1
34,35,42,33,1
34,35,58,0,1
34,35,32,116,1
34,35,26,115,1
35,36,86,84,1
35,36,55,27,1
35,36,97,27,1
35,36,118,39,1
35,36,57,4,1
35,36,110,100,1
35,36,36,88,1
35,36,17,28,1
36,37,22,18,1
36,37,101,94,1
36,37,26,7,1
36,37,60,22,1
36,37,18,0,1
36,37,64,24,1
36,37,5,23,1
36,37,71,84,1
37,38,24,11,1
37,38,89,67,1
37,38,33,3,1
37,38,65,46,1
37,38,110,18,1
37,38,30,27,1
37,38,72,75,1
37,38,12,22,1
38,39,115,19,1
38,39,99,42,1
38,39,22,2,1
38,39,102,77,1
38,39,69,56,1
38,39,83,26,1
38,39,47,59,1
38,39,67,83,1
39,40,105,52,1
39,40,114,81,1
39,40,46,6,1
39,40,54,0,1
39,40,110,46,1
39,40,28,1,1
39,40,63,93,1
39,40,36,41,1
40,41,32,24,1
40,41,83,34,1
40,41,59,33,1
40,41,73,43,1
40,41,81,27,1
40,41,27,26,1
40,41,15,91,1
40,41,3,77,1
41,42,106,52,1
41,42,100,45,1
41,42,22,21,1
41,42,93,33,1
41,42,24,21,1
41,42,114,80,1
41,42,34,51,1
41,42,24,62,1
42,43,34,28,1
42,43,53,30,1
42,43,70,25,1
42,43,88,64,1
42,43,49,33,1
42,43,21,11,1
42,43,26,35,1
42,43,27,94,1
43,44,80,32,1
43,44,23,16,1
43,44,106,27,1
43,44,75,57,1
43,44,30,16,1
43,44,69,48,1
43,44,39,42,1
43,44,16,33,1
44,45,100,36,1
44,45,74,70,1
44,45,115,36,1
44,45,109,49,1
44,45,43,7,1
44,45,50,0,1
44,45,23,49,1
44,45,21,116,1
45,46,53,30,1
45,46,65,61,1
45,46,47,32,1
45,46,59,51,1
45,46,49,46,1
45,46,112,53,1
45,46,9,59,1
45,46,33,91,1
46,47,84,13,1
46,47,47,28,1
46,47,92,47,1
46,47,117,10,1
46,47,86,19,1
46,47,50,8,1
46,47,13,66,1
46,47,25,44,1
47,48,29,0,1
47,48,25,8,1
47,48,21,20,1
47,48,78,72,1
47,48,42,25,1
47,48,104,37,1
47,48,18,46,1
47,48,0,26,1
48,49,74,46,1
48,49,105,19,1
48,49,55,27,1
48,49,104,98,1
48,49,59,0,1
48,49,96,29,1
48,49,30,108,1
48,49,55,75,1
49,50,87,26,1
49,50,77,16,1
49,50,70,65,1
49,50,78,71,1
49,50,25,20,1
49,50,71,62,1
49,50,70,81,1
49,50,22,68,1
50,51,41,34,1
50,51,88,20,1
50,51,78,25,1
50,51,76,68,1
50,51,32,28,1
50,51,117,70,1
50,51,0,65,1
50,51,36,41,1
51,52,39,38,1
51,52,98,72,1
51,52,71,10,1
51,52,43,11,1
51,52,35,15,1
51,52,72,65,1
51,52,3,50,1
51,52,13,47,1
52,53,52,0,1
52,53,105,22,1
52,53,29,22,1
52,53,55,39,1
52,53,35,14,1
52,53,63,5,1
52,53,20,98,1
52,53,101,117,1
53,54,41,19,1
53,54,43,35,1
53,54,106,10,1
53,54,22,2,1
53,54,27,25,1
53,54,111,99,1
53,54,87,91,1
53,54,2,89,1
54,55,85,6,1
54,55,28,3,1
54,55,100,68,1
54,55,97,37,1
54,55,104,79,1
54,55,98,76,1
54,55,52,107,1
54,55,29,117,1
55,56,48,0,1
55,56,81,31,1
55,56,90,23,1
55,56,97,15,1
55,56,28,25,1
55,56,83,46,1
55,56,4,33,1
55,56,48,89,1
56,57,97,10,1
56,57,59,31,1
56,57,99,91,1
56,57,46,41,1
56,57,73,72,1
56,57,88,86,1
56,57,34,51,1
56,57,28,37,1
57,58,56,39,1
57,58,104,50,1
57,58,32,12,1
57,58,71,46,1
57,58,80,23,1
57,58,116,16,1
57,58,22,107,1
57,58,70,104,1
58,59,28,1,1
58,59,73,72,1
58,59,114,80,1
58,59,3,0,1
58,59,41,4,1
58,59,75,55,1
58,59,38,85,1
58,59,41,50,1
59,60,33,6,1
59,60,86,67,1
59,60,95,52,1
59,60,29,27,1
59,60,103,32,1
59,60,110,105,1
59,60,72,78,1
59,60,32,64,1
60,61,36,1,1
60,61,79,48,1
60,61,94,42,1
60,61,118,33,1
60,61,91,33,1
60,61,76,61,1
60,61,65,76,1
60,61,25,47,1
61,62,119,104,1
61,62,56,37,1
61,62,60,43,1
61,62,80,42,1
61,62,44,8,1
61,62,42,38,1
61,62,0,10,1
61,62,32,62,1
62,63,74,38,1
62,63,39,23,1
62,63,81,59,1
62,63,22,0,1
62,63,92,51,1
62,63,62,25,1
62,63,3,28,1
62,63,70,88,1
63,64,87,0,1
63,64,65,46,1
63,64,45,6,1
63,64,49,5,1
63,64,19,0,1
63,64,34,6,1
63,64,25,35,1
63,64,8,51,1
64,65,110,73,1
64,65,76,25,1
64,65,65,0,1
64,65,100,25,1
64,65,23,15,1
64,65,31,4,1
64,65,7,82,1
64,65,57,87,1
65,66,25,4,1
65,66,78,31,1
65,66,110,18,1
65,66,27,1,1
65,66,59,4,1
65,66,91,48,1
65,66,25,52,1
65,66,51,70,1
66,67,44,15,1
66,67,68,28,1
66,67,116,21,1
66,67,83,26,1
66,67,53,38,1
66,67,108,94,1
66,67,62,71,1
66,67,26,73,1
67,68,35,5,1
67,68,60,22,1
67,68,22,15,1
67,68,113,24,1
67,68,103,4,1
67,68,45,41,1
67,68,30,47,1
67,68,24,114,1
68,69,88,43,1
68,69,39,23,1
68,69,106,90,1
68,69,30,24,1
68,69,110,28,1
68,69,45,41,1
68,69,95,118,1
68,69,97,106,1
69,70,27,0,1
69,70,78,17,1
69,70,63,23,1
69,70,111,91,1
69,70,96,47,1
69,70,51,33,1
69,70,90,117,1
69,70,15,30,1
70,71,56,24,1
70,71,23,8,1
70,71,39,35,1
70,71,61,27,1
70,71,102,34,1
70,71,35,34,1
70,71,4,29,1
70,71,71,113,1
71,72,34,7,1
71,72,77,39,1
71,72,42,33,1
71,72,57,27,1
71,72,114,25,1
71,72,85,16,1
71,72,9,49,1
71,72,87,91,1
72,73,26,3,1
72,73,56,19,1
72,73,71,39,1
72,73,80,76,1
72,73,21,3,1
72,73,90,20,1
72,73,4,59,1
72,73,88,109,1
73,74,71,53,1
73,74,114,32,1
73,74,29,10,1
73,74,59,22,1
73,74,96,30,1
73,74,60,6,1
73,74,17,72,1
73,74,19,28,1
74,75,118,91,1
74,75,86,21,1
74,75,93,40,1
74,75,102,34,1
74,75,70,6,1
74,75,31,6,1
74,75,0,25,1
74,75,55,84,1
75,76,109,23,1
75,76,96,39,1
75,76,114,31,1
75,76,61,13,1
75,76,47,21,1
75,76,85,21,1
75,76,26,47,1
75,76,0,25,1
76,77,82,67,1
76,77,68,22,1
76,77,94,54,1
76,77,102,39,1
76,77,21,5,1
76,77,75,62,1
76,77,12,83,1
76,77,12,25,1
77,78,109,28,1
77,78,45,41,1
77,78,27,16,1
77,78,78,39,1
77,78,45,42,1
77,78,101,63,1
77,78,45,63,1
77,78,7,43,1
78,79,69,32,1
78,79,97,57,1
78,79,24,10,1
78,79,73,5,1
78,79,70,62,1
78,79,50,29,1
78,79,25,105,1
78,79,25,48,1
79,80,61,37,1
79,80,13,0,1
79,80,83,45,1
79,80,93,87,1
79,80,47,45,1
79,80,51,25,1
79,80,18,50,1
79,80,0,39,1
80,81,21,11,1
80,81,68,42,1
80,81,94,28,1
80,81,41,37,1
80,81,81,33,1
80,81,87,29,1
80,81,2,93,1
80,81,31,78,1
81,82,118,95,1
81,82,106,95,1
81,82,104,96,1
81,82,115,63,1
81,82,40,16,1
81,82,26,4,1
81,82,46,61,1
81,82,4,64,1
82,83,94,30,1
82,83,57,18,1
82,83,119,66,1
82,83,97,8,1
82,83,113,34,1
82,83,52,29,1
82,83,8,68,1
82,83,58,85,1
83,84,102,33,1
83,84,79,60,1
83,84,110,105,1
83,84,35,26,1
83,84,87,76,1
83,84,88,18,1
83,84,24,32,1
83,84,111,114,1
84,85,66,13,1
84,85,45,29,1
84,85,80,45,1
84,85,74,25,1
84,85,75,20,1
84,85,84,35,1
84,85,25,52,1
84,85,45,64,1
85,86,103,13,1
85,86,87,25,1
85,86,109,17,1
85,86,64,56,1
85,86,36,35,1
85,86,62,5,1
85,86,39,55,1
85,86,29,96,1
86,87,51,15,1
86,87,97,60,1
86,87,29,10,1
86,87,91,28,1
86,87,119,37,1
86,87,106,33,1
86,87,35,91,1
86,87,16,61,1
87,88,22,10,1
87,88,97,57,1
87,88,67,38,1
87,88,60,21,1
87,88,29,11,1
87,88,2,0,1
87,88,57,75,1
87,88,105,107,1
88,89,22,1,1
88,89,79,28,1
88,89,44,24,1
88,89,30,18,1
88,89,24,8,1
88,89,54,24,1
88,89,50,104,1
88,89,50,77,1
89,90,83,46,1
89,90,98,17,1
89,90,63,29,1
89,90,103,24,1
89,90,26,1,1
89,90,118,45,1
89,90,79,98,1
89,90,97,108,1
90,91,112,73,1
90,91,98,54,1
90,91,82,33,1
90,91,54,40,1
90,91,79,60,1
90,91,108,94,1
90,91,0,23,1
90,91,34,48,1
91,92,100,30,1
91,92,74,13,1
91,92,30,12,1
91,92,85,57,1
91,92,62,59,1
91,92,111,79,1
91,92,29,47,1
91,92,90,106,1
92,93,85,34,1
92,93,84,19,1
92,93,109,26,1
92,93,104,0,1
92,93,93,2,1
92,93,61,41,1
92,93,22,76,1
92,93,25,100,1
93,94,31,20,1
93,94,100,25,1
93,94,47,33,1
93,94,33,32,1
93,94,116,32,1
93,94,77,39,1
93,94,59,102,1
93,94,63,64,1
94,95,69,15,1
94,95,119,57,1
94,95,89,9,1
94,95,65,29,1
94,95,99,20,1
94,95,89,9,1
94,95,13,115,1
94,95,58,72,1
95,96,35,1,1
95,96,59,9,1
95,96,98,82,1
95,96,55,27,1
95,96,41,15,1
95,96,31,25,1
95,96,38,41,1
95,96,55,80,1
96,97,92,0,1
96,97,40,1,1
96,97,114,32,1
96,97,36,35,1
96,97,74,31,1
96,97,91,4,1
96,97,33,102,1
96,97,48,101,1
97,98,52,8,1
97,98,31,30,1
97,98,38,4,1
97,98,23,15,1
97,98,33,13,1
97,98,92,32,1
97,98,36,45,1
97,98,33,35,1
98,99,69,10,1
98,99,91,21,1
98,99,78,69,1
98,99,80,62,1
98,99,50,14,1
98,99,68,21,1
98,99,18,60,1
98,99,24,48,1
99,100,119,25,1
99,100,76,32,1
99,100,107,19,1
99,100,100,25,1
99,100,60,43,1
99,100,24,12,1
99,100,53,96,1
99,100,6,25,1
100,101,38,0,1
100,101,34,13,1
100,101,102,34,1
100,101,89,20,1
100,101,27,1,1
100,101,102,23,1
100,101,12,27,1
100,101,20,79,1
101,102,54,4,1
101,102,114,97,1
101,102,64,27,1
101,102,93,44,1
101,102,34,32,1
101,102,28,22,1
101,102,64,116,1
101,102,32,112,1
102,103,35,32,1
102,103,35,0,1
102,103,27,21,1
102,103,90,75,1
102,103,57,32,1
102,103,93,61,1
102,103,24,31,1
102,103,68,98,1
103,104,60,6,1
103,104,79,47,1
103,104,56,34,1
103,104,72,52,1
103,104,22,10,1
103,104,114,24,1
103,104,52,107,1
103,104,58,79,1
104,105,72,44,1
104,105,119,68,1
104,105,103,28,1
104,105,88,32,1
104,105,114,25,1
104,105,79,24,1
104,105,14,25,1
104,105,7,112,1
105,106,36,4,1
105,106,60,45,1
105,106,94,44,1
105,106,89,67,1
105,106,86,48,1
105,106,106,99,1
105,106,31,100,1
105,106,83,91,1
106,107,112,70,1
106,107,57,42,1
106,107,27,16,1
106,107,30,25,1
106,107,64,29,1
106,107,42,9,1
106,107,18,35,1
106,107,0,4,1
107,108,74,46,1
107,108,33,17,1
107,108,23,17,1
107,108,80,45,1
107,108,44,36,1
107,108,9,0,1
107,108,19,81,1
107,108,4,57,1
108,109,102,95,1
108,109,80,62,1
108,109,69,35,1
108,109,71,54,1
108,109,78,17,1
108,109,25,11,1
108,109,21,31,1
108,109,18,27,1
109,110,68,39,1
109,110,85,58,1
109,110,52,29,1
109,110,119,93,1
109,110,75,42,1
109,110,78,69,1
109,110,46,70,1
109,110,65,109,1
110,111,22,16,1
110,111,112,25,1
110,111,113,82,1
110,111,72,48,1
110,111,30,29,1
110,111,118,114,1
110,111,19,27,1
110,111,39,52,1
111,112,23,19,1
111,112,35,21,1
111,112,31,27,1
111,112,63,37,1
111,112,44,0,1
111,112,45,18,1
111,112,10,113,1
111,112,23,28,1
112,113,78,55,1
112,113,42,6,1
112,113,72,37,1
112,113,70,36,1
112,113,89,55,1
112,113,31,27,1
112,113,28,31,1
112,113,21,68,1
113,114,31,17,1
113,114,117,45,1
113,114,34,29,1
113,114,57,27,1
113,114,77,49,1
113,114,32,3,1
113,114,17,22,1
113,114,32,92,1
114,115,90,54,1
114,115,66,17,1
114,115,28,8,1
114,115,85,31,1
114,115,33,13,1
114,115,100,12,1
114,115,0,6,1
114,115,57,94,1
115,116,73,43,1
115,116,86,5,1
115,116,17,0,1
115,116,64,6,1
115,116,88,12,1
115,116,31,17,1
115,116,35,100,1
115,116,19,79,1
116,117,54,46,1
116,117,115,27,1
116,117,86,56,1
116,117,85,35,1
116,117,107,37,1
116,117,99,73,1
116,117,45,89,1
116,117,12,32,1
117,118,54,30,1
117,118,54,19,1
117,118,67,28,1
117,118,59,19,1
117,118,97,10,1
117,118,67,34,1
117,118,57,85,1
117,118,14,72,1
118,119,25,11,1
118,119,106,18,1
118,119,45,21,1
118,119,92,90,1
118,119,65,33,1
118,119,77,24,1
118,119,95,103,1
118,119,27,32,1
119,120,24,12,1
119,120,92,70,1
119,120,90,65,1
119,120,55,50,1
119,120,96,4,1
119,120,79,59,1
119,120,16,85,1
119,120,13,89,1
120,121,58,54,1
120,121,85,33,1
120,121,32,21,1
120,121,44,8,1
120,121,28,3,1
120,121,34,26,1
120,121,62,99,1
120,121,48,89,1
121,122,80,76,1
121,122,63,57,1
121,122,78,37,1
121,122,97,42,1
121,122,42,31,1
121,122,43,39,1
121,122,6,45,1
121,122,73,101,1
122,123,85,34,1
122,123,95,88,1
122,123,90,49,1
122,123,79,55,1
122,123,51,21,1
122,123,43,36,1
122,123,23,45,1
122,123,27,97,1
123,124,45,18,1
123,124,88,42,1
123,124,82,30,1
123,124,61,22,1
123,124,43,22,1
123,124,79,24,1
123,124,15,69,1
123,124,52,119,1
124,125,95,33,1
124,125,36,3,1
124,125,22,11,1
124,125,58,40,1
124,125,46,31,1
124,125,69,27,1
124,125,32,37,1
124,125,46,92,1
125,126,81,44,1
125,126,31,19,1
125,126,24,4,1
125,126,52,5,1
125,126,34,28,1
125,126,69,27,1
125,126,3,24,1
125,126,10,97,1
126,127,26,5,1
126,127,56,53,1
126,127,42,27,1
126,127,81,19,1
126,127,18,0,1
126,127,51,27,1
126,127,3,42,1
126,127,24,59,1
127,128,28,11,1
127,128,104,79,1
127,128,29,18,1
127,128,2,0,1
127,128,61,16,1
127,128,34,18,1
127,128,97,117,1
127,128,79,90,1
128,129,106,42,1
128,129,58,40,1
128,129,49,40,1
128,129,47,33,1
128,129,118,39,1
128,129,59,48,1
128,129,38,47,1
128,129,0,29,1
129,130,65,27,1
129,130,75,51,1
129,130,24,19,1
129,130,107,50,1
129,130,39,34,1
129,130,77,70,1
129,130,30,40,1
129,130,70,88,1
130,131,103,70,1
130,131,86,64,1
130,131,115,62,1
130,131,99,75,1
130,131,85,48,1
130,131,66,38,1
130,131,58,79,1
130,131,0,8,1
131,132,40,16,1
131,132,50,41,1
131,132,50,14,1
131,132,86,43,1
131,132,43,22,1
131,132,114,21,1
131,132,21,65,1
131,132,5,26,1
132,133,105,41,1
132,133,89,19,1
132,133,34,29,1
132,133,102,90,1
132,133,87,31,1
132,133,41,27,1
132,133,48,58,1
132,133,19,28,1
133,134,80,25,1
133,134,33,20,1
133,134,111,45,1
133,134,27,8,1
133,134,88,69,1
133,134,41,20,1
133,134,23,105,1
133,134,8,26,1
134,135,96,55,1
134,135,22,2,1
134,135,24,16,1
134,135,41,35,1
134,135,55,31,1
134,135,62,23,1
134,135,0,44,1
134,135,35,95,1
135,136,28,3,1
135,136,86,64,1
135,136,45,20,1
135,136,79,41,1
135,136,28,25,1
135,136,30,28,1
135,136,72,110,1
135,136,19,81,1
136,137,28,25,1
136,137,104,98,1
136,137,90,48,1
136,137,67,38,1
136,137,118,64,1
136,137,82,33,1
136,137,8,55,1
136,137,36,85,1
137,138,72,14,1
137,138,118,64,1
137,138,91,31,1
137,138,60,49,1
137,138,104,1,1
137,138,101,73,1
137,138,66,70,1
137,138,13,61,1
138,139,57,6,1
138,139,113,97,1
138,139,56,7,1
138,139,50,14,1
138,139,16,0,1
138,139,102,34,1
138,139,1,104,1
138,139,31,36,1
139,140,45,16,1
139,140,28,4,1
139,140,81,10,1
139,140,39,34,1
139,140,87,25,1
139,140,23,7,1
139,140,26,89,1
139,140,26,84,1
140,141,31,19,1
140,141,54,40,1
140,141,24,8,1
140,141,69,21,1
140,141,82,28,1
140,141,107,79,1
140,141,58,94,1
140,141,27,106,1
141,142,106,82,1
141,142,113,22,1
141,142,97,13,1
141,142,95,27,1
141,142,27,8,1
141,142,60,7,1
141,142,0,66,1
141,142,12,83,1
142,143,55,39,1
142,143,17,0,1
142,143,27,12,1
142,143,81,24,1
142,143,29,4,1
142,143,87,86,1
142,143,50,95,1
142,143,31,78,1
143,144,47,24,1
143,144,46,25,1
143,144,88,86,1
143,144,71,54,1
143,144,101,42,1
143,144,16,0,1
143,144,78,108,1
143,144,12,100,1
144,145,106,99,1
144,145,59,38,1
144,145,96,47,1
144,145,84,14,1
144,145,33,22,1
144,145,105,83,1
144,145,47,59,1
144,145,21,117,1
145,146,79,41,1
145,146,54,41,1
145,146,86,7,1
145,146,103,44,1
145,146,84,35,1
145,146,113,31,1
145,146,0,48,1
145,146,33,95,1
146,147,116,39,1
146,147,36,11,1
146,147,64,4,1
146,147,116,38,1
146,147,31,27,1
146,147,57,38,1
146,147,66,116,1
146,147,88,107,1
147,148,107,19,1
147,148,107,88,1
147,148,65,29,1
147,148,41,29,1
147,148,108,2,1
147,148,97,13,1
147,148,35,36,1
147,148,27,82,1
148,149,107,102,1
148,149,33,16,1
148,149,27,3,1
148,149,29,18,1
148,149,107,30,1
148,149,89,26,1
148,149,27,95,1
148,149,66,116,1
149,150,51,13,1
149,150,71,10,1
149,150,56,17,1
149,150,112,26,1
149,150,23,15,1
149,150,49,32,1
149,150,24,37,1
149,150,21,28,1
150,151,47,45,1
150,151,64,0,1
150,151,96,16,1
150,151,76,10,1
150,151,25,11,1
150,151,22,21,1
150,151,51,111,1
150,151,21,43,1
151,152,111,71,1
151,152,67,35,1
151,152,51,34,1
151,152,28,14,1
151,152,88,30,1
151,152,115,95,1
151,152,16,27,1
151,152,62,99,1
152,153,2,0,1
152,153,23,18,1
152,153,102,95,1
152,153,115,40,1
152,153,108,90,1
152,153,38,4,1
152,153,42,97,1
152,153,17,43,1
153,154,52,17,1
153,154,66,4,1
153,154,94,44,1
153,154,65,11,1
153,154,54,7,1
153,154,1,0,1
153,154,33,93,1
153,154,18,106,1
154,155,87,47,1
154,155,85,48,1
154,155,73,53,1
154,155,110,73,1
154,155,96,47,1
154,155,102,59,1
154,155,13,74,1
154,155,0,11,1
155,156,76,42,1
155,156,87,40,1
155,156,51,16,1
155,156,55,11,1
155,156,103,24,1
155,156,116,84,1
155,156,95,102,1
155,156,91,118,1
156,157,100,30,1
156,157,118,69,1
156,157,103,28,1
156,157,38,36,1
156,157,46,23,1
156,157,106,56,1
156,157,30,55,1
156,157,34,39,1
157,158,117,30,1
157,158,67,34,1
157,158,87,35,1
157,158,95,23,1
157,158,53,4,1
157,158,35,28,1
157,158,6,70,1
157,158,34,52,1
158,159,98,9,1
158,159,29,11,1
158,159,85,31,1
158,159,22,19,1
158,159,52,30,1
158,159,93,47,1
158,159,105,107,1
158,159,95,110,1
159,160,36,2,1
159,160,23,7,1
159,160,64,34,1
159,160,67,28,1
159,160,7,0,1
159,160,74,46,1
159,160,22,45,1
159,160,45,47,1
160,161,57,6,1
160,161,57,35,1
160,161,46,22,1
160,161,22,5,1
160,161,90,63,1
160,161,75,58,1
160,161,34,62,1
160,161,13,51,1
161,162,51,12,1
161,162,89,77,1
161,162,77,8,1
161,162,119,95,1
161,162,23,16,1
161,162,72,40,1
161,162,24,32,1
161,162,37,119,1
162,163,46,27,1
162,163,67,6,1
162,163,108,46,1
162,163,29,26,1
162,163,83,9,1
162,163,68,8,1
162,163,53,96,1
162,163,99,102,1
163,164,44,2,1
163,164,25,5,1
163,164,22,1,1
163,164,86,43,1
163,164,53,3,1
163,164,88,6,1
163,164,6,49,1
163,164,53,72,1
164,165,41,29,1
164,165,35,33,1
164,165,33,32,1
164,165,118,22,1
164,165,55,7,1
164,165,85,16,1
164,165,37,64,1
164,165,45,83,1
165,166,41,38,1
165,166,35,15,1
165,166,75,64,1
165,166,61,53,1
165,166,83,31,1
165,166,33,25,1
165,166,1,105,1
165,166,18,32,1
166,167,49,29,1
166,167,21,18,1
166,167,53,4,1
166,167,73,72,1
166,167,115,71,1
166,167,73,26,1
166,167,25,46,1
166,167,10,24,1
167,168,115,23,1
167,168,93,11,1
167,168,80,62,1
167,168,29,28,1
167,168,58,48,1
167,168,82,39,1
167,168,4,53,1
167,168,34,51,1
168,169,112,54,1
168,169,82,8,1
168,169,117,70,1
168,169,80,47,1
168,169,42,33,1
168,169,84,35,1
168,169,32,43,1
168,169,33,67,1
169,170,28,6,1
169,170,66,17,1
169,170,102,99,1
169,170,29,2,1
169,170,65,8,1
169,170,105,38,1
169,170,90,114,1
169,170,41,110,1
170,171,84,50,1
170,171,118,64,1
170,171,53,0,1
170,171,118,41,1
170,171,29,24,1
170,171,33,18,1
170,171,36,38,1
170,171,32,90,1
171,172,82,38,1
171,172,24,5,1
171,172,28,0,1
171,172,33,24,1
171,172,51,26,1
171,172,114,90,1
171,172,5,58,1
171,172,47,106,1
172,173,51,25,1
172,173,98,37,1
172,173,29,23,1
172,173,109,10,1
172,173,31,9,1
172,173,89,44,1
172,173,54,75,1
172,173,63,93,1
173,174,83,33,1
173,174,68,64,1
173,174,68,56,1
173,174,40,21,1
173,174,34,27,1
173,174,99,81,1
173,174,12,40,1
173,174,32,66,1
174,175,62,31,1
174,175,61,40,1
174,175,119,25,1
174,175,114,107,1
174,175,65,29,1
174,175,79,39,1
174,175,0,36,1
174,175,11,23,1
175,176,53,48,1
175,176,62,23,1
175,176,73,64,1
175,176,29,28,1
175,176,64,56,1
175,176,117,21,1
175,176,41,79,1
175,176,20,25,1
176,177,22,13,1
176,177,74,41,1
176,177,119,61,1
176,177,60,7,1
176,177,77,34,1
176,177,60,6,1
176,177,30,46,1
176,177,25,89,1
177,178,83,64,1
177,178,109,33,1
177,178,21,7,1
177,178,64,50,1
177,178,113,29,1
177,178,117,97,1
177,178,30,117,1
177,178,6,33,1
178,179,40,19,1
178,179,98,68,1
178,179,112,35,1
178,179,59,15,1
178,179,42,21,1
178,179,47,33,1
178,179,60,84,1
178,179,73,110,1
