52,24,0,1
32,56,0,1
42,6,0,1
48,7,0,1
105,75,0,1
28,63,0,1
2,87,0,1
51,81,0,1
34,101,1,1
17,57,1,1
111,41,1,1
80,7,1,1
38,106,1,1
57,39,1,1
4,102,1,1
2,115,1,1
19,54,2,1
36,98,2,1
57,17,2,1
86,19,2,1
20,89,2,1
97,87,2,1
59,80,2,1
28,115,2,1
80,117,3,1
85,11,3,1
0,82,3,1
118,41,3,1
94,51,3,1
8,46,3,1
18,59,3,1
7,80,3,1
99,15,4,1
66,12,4,1
113,44,4,1
8,30,4,1
108,93,4,1
34,21,4,1
62,12,4,1
15,31,4,1
53,82,5,1
56,64,5,1
53,46,5,1
27,104,5,1
118,37,5,1
46,8,5,1
70,98,5,1
118,112,5,1
29,48,6,1
74,60,6,1
0,82,6,1
103,78,6,1
24,86,6,1
95,83,6,1
59,80,6,1
28,63,6,1
37,7,7,1
52,24,7,1
101,74,7,1
31,78,7,1
36,101,7,1
20,89,7,1
75,13,7,1
81,112,7,1
48,5,8,1
43,88,8,1
81,110,8,1
112,20,8,1
63,64,8,1
63,28,8,1
91,52,8,1
3,21,8,1
94,62,9,1
75,7,9,1
107,69,9,1
66,99,9,1
70,19,9,1
107,69,9,1
52,104,9,1
20,89,9,1
93,110,10,1
53,68,10,1
90,114,10,1
36,98,10,1
110,67,10,1
84,39,10,1
113,44,10,1
29,95,10,1
29,48,11,1
7,75,11,1
11,85,11,1
59,11,11,1
52,73,11,1
80,117,11,1
85,11,11,1
51,81,11,1
52,73,12,1
86,8,12,1
85,11,12,1
96,76,12,1
31,38,12,1
49,6,12,1
105,75,12,1
112,81,12,1
23,12,13,1
53,25,13,1
27,52,13,1
53,68,13,1
69,107,13,1
7,101,13,1
99,66,13,1
113,44,13,1
113,44,14,1
25,53,14,1
84,39,14,1
94,51,14,1
45,76,14,1
4,102,14,1
104,7,14,1
47,88,14,1
81,119,15,1
73,25,15,1
2,87,15,1
117,68,15,1
46,53,15,1
24,38,15,1
118,112,15,1
6,11,15,1
19,70,16,1
22,110,16,1
84,19,16,1
23,12,16,1
4,102,16,1
112,118,16,1
20,38,16,1
103,10,16,1
101,7,17,1
8,86,17,1
68,117,17,1
86,19,17,1
37,29,17,1
38,106,17,1
5,48,17,1
11,93,17,1
103,109,18,1
87,13,18,1
24,83,18,1
102,4,18,1
20,89,18,1
78,77,18,1
108,100,18,1
70,19,18,1
29,48,19,1
96,76,19,1
39,77,19,1
13,87,19,1
85,44,19,1
52,68,19,1
77,60,19,1
111,49,19,1
7,80,20,1
104,52,20,1
24,83,20,1
80,59,20,1
6,49,20,1
19,70,20,1
101,34,20,1
73,110,20,1
97,87,21,1
8,86,21,1
90,114,21,1
116,99,21,1
84,19,21,1
42,86,21,1
41,45,21,1
98,70,21,1
19,41,22,1
95,29,22,1
23,62,22,1
19,70,22,1
29,37,22,1
60,77,22,1
33,42,22,1
71,89,22,1
7,101,23,1
29,95,23,1
80,7,23,1
81,51,23,1
32,87,23,1
93,110,23,1
70,98,23,1
71,89,23,1
81,103,24,1
95,29,24,1
19,86,24,1
0,26,24,1
42,33,24,1
26,0,24,1
51,81,24,1
82,0,24,1
16,18,25,1
58,112,25,1
33,42,25,1
0,86,25,1
62,94,25,1
6,11,25,1
76,45,25,1
62,12,25,1
110,73,26,1
99,116,26,1
86,8,26,1
111,118,26,1
55,30,26,1
104,52,26,1
114,90,26,1
89,19,26,1
89,71,27,1
118,70,27,1
64,45,27,1
83,95,27,1
111,49,27,1
25,73,27,1
110,81,27,1
64,63,27,1
112,58,28,1
93,25,28,1
93,108,28,1
52,104,28,1
55,11,28,1
75,106,28,1
38,114,28,1
85,49,28,1
104,52,29,1
47,41,29,1
77,60,29,1
28,67,29,1
73,110,29,1
87,2,29,1
111,41,29,1
1,102,29,1
90,114,30,1
0,86,30,1
37,7,30,1
24,83,30,1
81,119,30,1
15,31,30,1
15,31,30,1
81,110,30,1
86,24,31,1
88,47,31,1
11,6,31,1
56,32,31,1
74,114,31,1
108,100,31,1
39,77,31,1
69,107,31,1
114,90,32,1
81,119,32,1
59,60,32,1
36,17,32,1
18,16,32,1
15,99,32,1
24,38,32,1
105,75,32,1
25,73,33,1
112,108,33,1
114,77,33,1
108,100,33,1
111,43,33,1
25,93,33,1
41,113,33,1
104,7,33,1
2,87,34,1
95,29,34,1
45,76,34,1
26,46,34,1
56,64,34,1
98,54,34,1
102,5,34,1
62,12,34,1
102,4,35,1
93,11,35,1
118,49,35,1
20,112,35,1
36,16,35,1
44,43,35,1
104,47,35,1
30,82,35,1
87,97,36,1
97,87,36,1
7,98,36,1
89,20,36,1
37,118,36,1
12,62,36,1
0,26,36,1
114,90,36,1
25,73,37,1
18,16,37,1
24,46,37,1
103,109,37,1
30,8,37,1
67,110,37,1
30,55,37,1
45,76,37,1
99,116,38,1
76,45,38,1
28,67,38,1
20,112,38,1
74,114,38,1
47,41,38,1
109,103,38,1
75,7,38,1
23,12,39,1
41,6,39,1
87,13,39,1
91,30,39,1
115,2,39,1
38,31,39,1
75,106,39,1
67,110,39,1
32,61,40,1
95,29,40,1
74,101,40,1
53,25,40,1
102,4,40,1
66,12,40,1
41,6,40,1
6,42,40,1
1,102,41,1
26,0,41,1
41,113,41,1
19,54,41,1
25,93,41,1
8,46,41,1
27,106,41,1
54,19,41,1
97,87,42,1
75,13,42,1
82,0,42,1
19,41,42,1
74,101,42,1
38,76,42,1
36,16,42,1
70,118,42,1
36,16,43,1
87,73,43,1
75,7,43,1
67,110,43,1
7,48,43,1
65,62,43,1
48,5,43,1
100,108,43,1
38,76,44,1
39,84,44,1
48,88,44,1
34,21,44,1
22,110,44,1
51,94,44,1
65,31,44,1
86,24,44,1
116,99,45,1
96,19,45,1
42,6,45,1
29,37,45,1
115,2,45,1
45,64,45,1
92,12,45,1
56,67,45,1
32,61,46,1
29,95,46,1
43,111,46,1
45,41,46,1
28,46,46,1
53,25,46,1
103,109,46,1
28,63,46,1
99,15,47,1
113,95,47,1
7,98,47,1
99,66,47,1
73,46,47,1
103,99,47,1
87,97,47,1
47,41,47,1
70,19,48,1
113,95,48,1
64,56,48,1
85,49,48,1
111,43,48,1
57,39,48,1
93,25,48,1
17,36,48,1
101,74,49,1
53,82,49,1
95,29,49,1
46,26,49,1
49,21,49,1
49,85,49,1
110,81,49,1
60,80,49,1
48,29,50,1
101,36,50,1
102,1,50,1
103,99,50,1
36,17,50,1
0,82,50,1
30,82,50,1
49,85,50,1
55,11,51,1
68,52,51,1
29,37,51,1
114,90,51,1
1,34,51,1
49,6,51,1
100,108,51,1
42,86,51,1
6,49,52,1
47,104,52,1
103,78,52,1
49,118,52,1
64,56,52,1
106,27,52,1
117,68,52,1
12,62,52,1
20,112,53,1
39,57,53,1
13,75,53,1
42,6,53,1
48,88,53,1
103,10,53,1
37,118,53,1
96,76,53,1
66,12,54,1
28,46,54,1
16,36,54,1
52,91,54,1
15,99,54,1
86,0,54,1
114,77,54,1
38,76,54,1
65,28,55,1
43,111,55,1
81,110,55,1
75,105,55,1
67,56,55,1
19,54,55,1
31,65,55,1
21,3,55,1
41,47,56,1
108,67,56,1
62,12,56,1
113,44,56,1
99,15,56,1
27,52,56,1
83,95,56,1
3,21,56,1
91,30,57,1
60,59,57,1
105,75,57,1
41,47,57,1
114,90,57,1
81,119,57,1
82,0,57,1
81,119,57,1
89,20,58,1
85,11,58,1
87,32,58,1
102,4,58,1
38,49,58,1
56,32,58,1
32,61,58,1
21,49,58,1
62,23,59,1
38,24,59,1
60,80,59,1
12,66,59,1
62,12,59,1
30,8,59,1
118,37,59,1
63,81,59,1
77,78,60,1
7,98,60,1
77,39,60,1
111,43,60,1
52,68,60,1
112,20,60,1
65,28,60,1
67,38,60,1
23,62,61,1
71,89,61,1
105,92,61,1
118,41,61,1
46,26,61,1
108,67,61,1
30,8,61,1
42,33,61,1
2,87,62,1
81,119,62,1
117,68,62,1
104,27,62,1
43,6,62,1
82,0,62,1
99,15,62,1
89,20,62,1
81,119,63,1
86,19,63,1
75,7,63,1
114,77,63,1
7,75,63,1
103,109,63,1
101,34,63,1
60,59,63,1
95,113,64,1
102,5,64,1
97,87,64,1
19,89,64,1
101,7,64,1
47,41,64,1
92,12,64,1
86,0,64,1
68,53,65,1
38,67,65,1
98,7,65,1
93,25,65,1
93,110,65,1
101,74,65,1
63,28,65,1
53,46,65,1
81,103,66,1
64,56,66,1
87,32,66,1
7,45,66,1
103,81,66,1
7,45,66,1
7,98,66,1
3,21,66,1
117,80,67,1
104,52,67,1
6,49,67,1
89,20,67,1
21,34,67,1
27,106,67,1
68,52,67,1
71,51,67,1
28,67,68,1
53,46,68,1
117,68,68,1
7,45,68,1
13,87,68,1
31,38,68,1
65,62,68,1
118,49,68,1
100,108,69,1
41,111,69,1
109,103,69,1
36,101,69,1
49,85,69,1
34,1,69,1
22,25,69,1
62,12,69,1
114,38,70,1
12,23,70,1
43,44,70,1
31,15,70,1
85,44,70,1
47,104,70,1
43,61,70,1
25,93,70,1
20,38,71,1
36,17,71,1
99,10,71,1
28,115,71,1
37,118,71,1
25,93,71,1
68,53,71,1
38,76,71,1
6,43,72,1
19,86,72,1
21,3,72,1
49,118,72,1
7,45,72,1
51,94,72,1
101,36,72,1
81,63,72,1
22,110,73,1
19,41,73,1
25,73,73,1
7,37,73,1
98,36,73,1
57,17,73,1
84,19,73,1
6,41,73,1
101,74,74,1
98,80,74,1
119,81,74,1
105,92,74,1
74,17,74,1
38,49,74,1
2,87,74,1
111,118,74,1
31,38,75,1
46,73,75,1
29,95,75,1
99,66,75,1
68,52,75,1
80,59,75,1
117,68,75,1
13,75,75,1
17,74,76,1
28,63,76,1
19,84,76,1
36,17,76,1
15,99,76,1
73,52,76,1
51,94,76,1
24,46,76,1
112,81,77,1
84,39,77,1
21,34,77,1
29,37,77,1
106,75,77,1
114,38,77,1
78,31,77,1
23,12,77,1
94,62,78,1
93,11,78,1
46,8,78,1
89,20,78,1
27,52,78,1
67,108,78,1
65,28,78,1
66,12,78,1
98,70,79,1
11,85,79,1
19,86,79,1
12,92,79,1
88,43,79,1
42,33,79,1
54,98,79,1
66,12,79,1
82,53,80,1
6,11,80,1
112,118,80,1
6,11,80,1
49,38,80,1
59,18,80,1
110,67,80,1
112,81,80,1
59,18,81,1
53,46,81,1
109,62,81,1
98,7,81,1
62,23,81,1
12,23,81,1
78,77,81,1
111,41,81,1
28,115,82,1
110,67,82,1
114,38,82,1
41,45,82,1
23,12,82,1
33,42,82,1
41,47,82,1
42,33,82,1
81,51,83,1
99,10,83,1
56,32,83,1
53,82,83,1
23,12,83,1
12,66,83,1
47,113,83,1
104,7,83,1
19,70,84,1
81,63,84,1
70,98,84,1
56,32,84,1
105,92,84,1
95,113,84,1
31,65,84,1
118,49,84,1
82,53,85,1
62,65,85,1
19,96,85,1
75,105,85,1
6,49,85,1
33,42,85,1
87,2,85,1
32,61,85,1
118,41,86,1
31,38,86,1
10,99,86,1
104,52,86,1
34,21,86,1
49,111,86,1
75,7,86,1
54,19,86,1
70,118,87,1
4,101,87,1
53,46,87,1
11,93,87,1
108,93,87,1
81,110,87,1
107,69,87,1
1,102,87,1
41,6,88,1
42,6,88,1
53,25,88,1
76,45,88,1
113,44,88,1
53,68,88,1
114,90,88,1
30,8,88,1
30,82,89,1
104,52,89,1
11,85,89,1
110,93,89,1
27,52,89,1
102,4,89,1
53,25,89,1
37,118,89,1
102,95,90,1
52,91,90,1
62,109,90,1
77,60,90,1
87,13,90,1
60,74,90,1
23,62,90,1
31,38,90,1
113,95,91,1
22,110,91,1
29,37,91,1
74,17,91,1
95,83,91,1
99,15,91,1
105,75,91,1
114,77,91,1
103,109,92,1
49,21,92,1
89,19,92,1
30,8,92,1
47,104,92,1
32,61,92,1
7,37,92,1
38,31,92,1
38,49,93,1
4,102,93,1
32,56,93,1
31,65,93,1
93,110,93,1
93,11,93,1
90,28,93,1
39,57,93,1
104,47,94,1
19,89,94,1
0,26,94,1
45,64,94,1
36,98,94,1
28,90,94,1
73,25,94,1
43,44,94,1
102,4,95,1
41,111,95,1
102,95,95,1
0,86,95,1
31,78,95,1
12,62,95,1
6,45,95,1
102,95,95,1
82,0,96,1
19,41,96,1
71,51,96,1
76,38,96,1
30,91,96,1
99,15,96,1
52,91,96,1
27,104,96,1
41,47,97,1
39,84,97,1
80,59,97,1
8,46,97,1
71,89,97,1
73,52,97,1
109,62,97,1
13,87,97,1
53,82,98,1
114,74,98,1
96,76,98,1
61,43,98,1
98,54,98,1
7,45,98,1
108,67,98,1
44,113,98,1
112,58,99,1
53,46,99,1
105,75,99,1
104,41,99,1
27,52,99,1
77,60,99,1
98,54,99,1
74,60,99,1
15,31,100,1
42,33,100,1
49,38,100,1
102,4,100,1
69,107,100,1
95,83,100,1
30,55,100,1
83,24,100,1
76,96,101,1
45,64,101,1
114,38,101,1
92,12,101,1
78,103,101,1
94,62,101,1
12,23,101,1
62,109,101,1
99,15,102,1
21,34,102,1
17,74,102,1
42,6,102,1
45,6,102,1
98,80,102,1
101,34,102,1
76,96,102,1
41,113,103,1
7,101,103,1
56,67,103,1
93,110,103,1
87,73,103,1
90,28,103,1
27,104,103,1
37,29,103,1
76,38,104,1
19,41,104,1
108,93,104,1
10,99,104,1
67,110,104,1
24,83,104,1
36,101,104,1
41,6,104,1
102,5,105,1
38,31,105,1
100,108,105,1
73,110,105,1
55,11,105,1
48,7,105,1
110,67,105,1
76,45,105,1
78,77,106,1
25,93,106,1
52,27,106,1
101,74,106,1
96,76,106,1
27,106,106,1
88,48,106,1
76,96,106,1
99,15,107,1
43,44,107,1
17,74,107,1
63,81,107,1
93,110,107,1
71,89,107,1
77,78,107,1
24,52,107,1
45,64,108,1
39,77,108,1
30,55,108,1
61,43,108,1
47,41,108,1
2,115,108,1
19,70,108,1
104,27,108,1
111,41,109,1
66,12,109,1
86,42,109,1
33,42,109,1
29,95,109,1
49,118,109,1
30,8,109,1
24,46,109,1
19,96,110,1
24,83,110,1
53,68,110,1
102,5,110,1
63,28,110,1
86,0,110,1
46,53,110,1
52,27,110,1
88,48,111,1
105,75,111,1
28,90,111,1
47,104,111,1
98,36,111,1
88,47,111,1
45,6,111,1
113,95,111,1
83,24,112,1
114,74,112,1
99,103,112,1
49,85,112,1
34,21,112,1
46,24,112,1
82,53,112,1
1,102,112,1
112,108,113,1
73,87,113,1
60,80,113,1
46,53,113,1
62,94,113,1
56,64,113,1
43,88,113,1
60,77,113,1
12,66,114,1
62,12,114,1
70,98,114,1
10,69,114,1
47,104,114,1
30,55,114,1
59,80,114,1
43,6,114,1
85,49,115,1
2,115,115,1
1,102,115,1
112,108,115,1
1,34,115,1
76,45,115,1
46,26,115,1
24,83,115,1
62,109,116,1
2,87,116,1
41,111,116,1
62,109,116,1
17,36,116,1
13,87,116,1
38,114,116,1
25,22,116,1
103,81,117,1
114,38,117,1
39,57,117,1
25,93,117,1
86,19,117,1
81,110,117,1
8,46,117,1
112,118,117,1
111,49,118,1
81,103,118,1
25,73,118,1
84,39,118,1
118,37,118,1
113,95,118,1
71,51,118,1
111,41,118,1
84,39,119,1
1,102,119,1
77,39,119,1
48,5,119,1
52,68,119,1
53,68,119,1
56,67,119,1
49,21,119,1
117,68,120,1
99,116,120,1
89,19,120,1
30,55,120,1
70,118,120,1
12,66,120,1
106,38,120,1
47,104,120,1
114,77,121,1
47,113,121,1
92,105,121,1
48,7,121,1
38,49,121,1
53,46,121,1
112,118,121,1
64,45,121,1
105,92,122,1
70,118,122,1
88,47,122,1
87,32,122,1
118,49,122,1
95,29,122,1
60,77,122,1
15,31,122,1
101,74,123,1
26,46,123,1
48,88,123,1
44,85,123,1
114,38,123,1
111,41,123,1
6,42,123,1
110,81,123,1
68,52,124,1
1,34,124,1
76,96,124,1
89,19,124,1
19,86,124,1
93,110,124,1
21,49,124,1
30,55,124,1
108,67,125,1
105,92,125,1
69,107,125,1
12,66,125,1
13,87,125,1
46,73,125,1
17,57,125,1
46,53,125,1
78,103,126,1
48,88,126,1
45,7,126,1
59,60,126,1
6,49,126,1
117,68,126,1
73,52,126,1
7,104,126,1
108,67,127,1
37,118,127,1
78,103,127,1
0,82,127,1
47,41,127,1
51,81,127,1
70,118,127,1
68,73,127,1
36,16,128,1
24,46,128,1
96,19,128,1
31,38,128,1
99,116,128,1
13,75,128,1
45,6,128,1
56,32,128,1
104,47,129,1
57,17,129,1
87,2,129,1
19,84,129,1
43,88,129,1
19,96,129,1
56,67,129,1
94,51,129,1
112,81,130,1
108,93,130,1
81,103,130,1
114,74,130,1
78,103,130,1
7,101,130,1
8,86,130,1
92,105,130,1
53,68,131,1
110,81,131,1
75,106,131,1
73,52,131,1
17,74,131,1
80,7,131,1
108,67,131,1
26,46,131,1
63,28,132,1
38,24,132,1
49,111,132,1
38,76,132,1
55,11,132,1
111,118,132,1
38,106,132,1
54,98,132,1
59,60,133,1
11,55,133,1
87,97,133,1
113,95,133,1
49,21,133,1
19,70,133,1
81,63,133,1
107,69,133,1
46,28,134,1
55,11,134,1
63,28,134,1
117,68,134,1
81,110,134,1
86,42,134,1
67,56,134,1
36,98,134,1
19,89,135,1
47,88,135,1
27,52,135,1
108,112,135,1
98,7,135,1
115,28,135,1
26,46,135,1
80,60,135,1
108,93,136,1
24,46,136,1
26,46,136,1
49,85,136,1
80,7,136,1
53,46,136,1
41,45,136,1
70,98,136,1
88,47,137,1
82,53,137,1
39,57,137,1
81,63,137,1
73,87,137,1
7,45,137,1
53,82,137,1
48,88,137,1
94,51,138,1
38,24,138,1
102,5,138,1
38,31,138,1
54,19,138,1
78,31,138,1
61,43,138,1
49,38,138,1
110,22,139,1
24,38,139,1
83,24,139,1
6,42,139,1
109,103,139,1
6,43,139,1
106,38,139,1
48,7,139,1
74,17,140,1
11,55,140,1
114,77,140,1
46,8,140,1
75,106,140,1
52,24,140,1
0,26,140,1
92,12,140,1
114,38,141,1
8,86,141,1
1,34,141,1
26,46,141,1
48,88,141,1
96,76,141,1
11,93,141,1
85,49,141,1
101,36,142,1
59,11,142,1
67,108,142,1
32,61,142,1
86,19,142,1
65,31,142,1
54,19,142,1
114,74,142,1
108,112,143,1
75,13,143,1
118,112,143,1
103,78,143,1
51,81,143,1
112,81,143,1
98,36,143,1
37,29,143,1
104,27,144,1
62,12,144,1
46,8,144,1
7,80,144,1
32,87,144,1
63,28,144,1
24,52,144,1
18,16,144,1
36,16,145,1
87,32,145,1
28,90,145,1
36,101,145,1
60,74,145,1
34,1,145,1
114,90,145,1
24,38,145,1
41,19,146,1
82,30,146,1
63,28,146,1
56,32,146,1
19,84,146,1
113,47,146,1
56,67,146,1
5,48,146,1
87,73,147,1
110,22,147,1
6,41,147,1
86,0,147,1
60,59,147,1
54,19,147,1
90,114,147,1
39,77,147,1
42,86,148,1
84,19,148,1
102,1,148,1
31,65,148,1
18,59,148,1
73,46,148,1
0,26,148,1
80,59,148,1
11,85,149,1
28,46,149,1
70,118,149,1
103,99,149,1
106,38,149,1
77,78,149,1
3,21,149,1
73,46,149,1
43,44,150,1
65,28,150,1
80,117,150,1
0,26,150,1
24,52,150,1
51,71,150,1
86,19,150,1
63,64,150,1
16,18,151,1
89,71,151,1
78,31,151,1
38,20,151,1
36,101,151,1
80,60,151,1
24,46,151,1
31,15,151,1
7,45,152,1
107,69,152,1
74,60,152,1
28,63,152,1
24,83,152,1
37,118,152,1
39,77,152,1
16,36,152,1
67,56,153,1
29,37,153,1
42,86,153,1
113,41,153,1
62,109,153,1
102,5,153,1
25,73,153,1
45,7,153,1
12,62,154,1
59,60,154,1
118,111,154,1
101,74,154,1
44,58,154,1
73,46,154,1
16,18,154,1
43,88,154,1
74,60,155,1
38,49,155,1
4,102,155,1
34,1,155,1
101,34,155,1
86,8,155,1
68,52,155,1
52,104,155,1
11,59,156,1
65,28,156,1
36,101,156,1
27,104,156,1
38,49,156,1
110,93,156,1
86,24,156,1
38,106,156,1
106,27,157,1
118,111,157,1
87,13,157,1
115,2,157,1
20,112,157,1
102,1,157,1
113,41,157,1
51,71,157,1
112,118,158,1
37,118,158,1
38,31,158,1
52,91,158,1
67,108,158,1
89,20,158,1
114,90,158,1
75,13,158,1
53,82,159,1
81,103,159,1
91,30,159,1
114,90,159,1
23,62,159,1
41,113,159,1
12,23,159,1
102,4,159,1
90,28,160,1
52,27,160,1
104,27,160,1
53,25,160,1
104,52,160,1
69,10,160,1
7,101,160,1
82,53,160,1
114,90,161,1
87,2,161,1
31,65,161,1
65,31,161,1
113,95,161,1
95,29,161,1
26,0,161,1
62,12,161,1
111,49,162,1
11,85,162,1
52,104,162,1
113,47,162,1
28,63,162,1
81,119,162,1
95,83,162,1
53,25,162,1
68,73,163,1
58,44,163,1
108,112,163,1
23,62,163,1
46,53,163,1
45,76,163,1
111,49,163,1
109,62,163,1
85,44,164,1
67,110,164,1
23,12,164,1
70,98,164,1
41,19,164,1
12,23,164,1
98,7,164,1
88,47,164,1
67,108,165,1
45,7,165,1
118,112,165,1
105,92,165,1
38,106,165,1
8,46,165,1
75,7,165,1
32,87,165,1
45,6,166,1
63,28,166,1
24,38,166,1
85,49,166,1
118,112,166,1
12,92,166,1
0,26,166,1
88,48,166,1
103,10,167,1
41,47,167,1
45,76,167,1
57,39,167,1
23,62,167,1
20,38,167,1
7,45,167,1
43,61,167,1
44,43,168,1
99,66,168,1
7,48,168,1
117,68,168,1
95,113,168,1
119,81,168,1
118,112,168,1
11,59,168,1
52,73,169,1
38,67,169,1
66,99,169,1
63,81,169,1
118,41,169,1
75,7,169,1
77,78,169,1
113,95,169,1
8,46,170,1
76,96,170,1
101,74,170,1
2,87,170,1
23,12,170,1
103,99,170,1
30,55,170,1
81,119,170,1
104,7,171,1
54,19,171,1
99,116,171,1
11,85,171,1
86,0,171,1
44,43,171,1
93,108,171,1
116,99,171,1
18,59,172,1
44,58,172,1
6,42,172,1
73,52,172,1
98,80,172,1
28,63,172,1
47,113,172,1
88,47,172,1
89,19,173,1
99,116,173,1
26,46,173,1
81,51,173,1
20,112,173,1
31,65,173,1
37,118,173,1
45,41,173,1
86,42,174,1
81,119,174,1
76,45,174,1
82,53,174,1
73,46,174,1
112,58,174,1
48,5,174,1
6,41,174,1
28,90,175,1
2,87,175,1
34,101,175,1
73,68,175,1
103,109,175,1
78,31,175,1
76,96,175,1
0,82,175,1
47,41,176,1
74,17,176,1
98,7,176,1
89,71,176,1
6,42,176,1
98,54,176,1
93,110,176,1
54,98,176,1
19,89,177,1
85,44,177,1
28,63,177,1
99,103,177,1
32,61,177,1
90,114,177,1
104,52,177,1
8,30,177,1
32,56,178,1
74,114,178,1
51,94,178,1
31,78,178,1
10,69,178,1
42,6,178,1
67,110,178,1
11,59,178,1
115,2,179,1
52,27,179,1
29,37,179,1
103,78,179,1
41,113,179,1
99,15,179,1
26,46,179,1
28,65,179,1
