0,74
1,36
2,72
3,76
4,66
5,82
6,58
7,96
8,78
9,54
10,56
11,58
12,50
13,34
14,56
15,82
16,66
17,80
18,48
19,60
20,96
21,44
22,48
23,80
24,54
25,74
26,66
27,60
28,62
29,68
30,104
31,58
32,98
33,94
34,50
35,86
36,60
37,80
38,60
39,74
40,84
41,32
42,70
43,64
44,44
45,74
46,78
47,74
48,70
49,104
50,90
51,56
52,46
53,46
54,52
55,54
56,82
57,88
58,72
59,78
60,112
61,76
62,54
63,82
64,50
65,62
66,68
67,86
68,32
69,100
70,42
71,62
72,42
73,50
74,70
75,74
76,92
77,100
78,84
79,88
80,52
81,96
82,78
83,50
84,64
85,116
86,88
87,54
88,46
89,46
90,62
91,68
92,68
93,96
94,36
95,42
96,88
97,72
98,112
99,34
100,58
101,64
102,28
103,72
104,48
105,50
106,46
107,74
108,80
109,42
110,58
111,76
112,58
113,76
114,54
115,64
116,78
117,74
118,86
119,78
120,72
121,100
122,72
123,48
124,54
125,68
126,86
127,88
128,92
129,68
130,64
131,76
132,90
133,82
134,68
135,54
136,54
137,84
138,80
139,78
140,94
141,60
142,68
143,18
144,110
145,66
146,44
147,48
148,78
149,50
150,66
151,94
152,78
153,86
154,68
155,88
156,68
157,98
158,52
159,54
160,74
161,100
162,32
163,60
164,104
165,40
166,70
167,50
168,98
169,42
170,44
171,66
172,76
173,66
174,46
175,92
176,56
177,78
178,86
179,82
180,98
181,60
182,54
183,68
184,88
185,74
186,68
187,54
188,58
189,88
190,44
191,52
192,62
193,58
194,84
195,36
196,68
197,54
198,52
199,84
200,102
201,74
202,100
203,76
204,44
205,106
206,88
207,94
208,94
209,62
210,50
211,70
212,50
213,78
214,86
215,104
216,58
217,82
218,42
219,48
220,68
221,74
222,88
223,76
224,86
225,94
226,52
227,32
228,80
229,84
230,102
231,92
232,100
233,110
234,48
235,98
236,72
237,106
238,64
239,70
240,66
241,92
242,52
243,56
244,82
245,62
246,62
247,54
248,96
249,84
250,44
251,46
252,84
253,82
254,88
255,60
256,86
257,36
258,92
259,64
260,48
261,72
262,80
263,72
264,46
265,68
266,74
267,22
268,68
269,54
270,70
271,76
272,68
273,66
274,74
275,102
276,62
277,70
278,80
279,66
280,80
281,90
282,68
283,86
284,36
285,80
286,116
287,72
288,94
289,98
290,94
291,72
292,90
293,86
294,92
295,60
296,86
297,114
298,38
299,84
300,60
301,56
302,76
303,52
304,78
305,50
306,62
307,30
308,32
309,60
310,76
311,102
312,32
313,62
314,80
315,50
316,72
317,68
318,72
319,118
320,54
321,86
322,62
323,76
324,40
325,72
326,48
327,90
328,74
329,90
330,50
331,84
332,42
333,112
334,62
335,92
336,46
337,86
338,74
339,64
340,82
341,76
342,80
343,92
344,86
345,78
346,54
347,80
348,52
349,50
350,76
351,78
352,68
353,84
354,46
355,46
356,44
357,88
358,98
359,112
360,58
361,92
362,68
363,118
364,50
365,80
366,50
367,78
368,74
369,70
370,56
371,52
372,42
373,48
374,102
375,96
376,24
377,46
378,82
379,80
380,82
381,44
382,76
383,48
384,88
385,72
386,82
387,48
388,88
389,92
390,76
391,70
392,42
393,88
394,52
395,50
396,56
397,102
398,92
399,82
400,44
401,52
402,56
403,94
404,84
405,82
406,40
407,72
408,58
409,58
410,86
411,66
412,88
413,84
414,72
415,28
416,48
417,66
418,64
419,66
420,106
421,82
422,92
423,76
424,100
425,48
426,44
427,106
428,70
429,72
430,92
431,46
432,58
433,70
434,116
435,44
436,64
437,84
438,74
439,20
440,38
441,52
442,84
443,44
444,74
445,84
446,74
447,68
448,42
449,66
450,62
451,48
452,108
453,94
454,84
455,70
456,62
457,84
458,48
459,62
460,80
461,84
462,78
463,38
464,78
465,48
466,50
467,50
468,44
469,104
470,78
471,82
472,54
473,68
474,78
475,66
476,76
477,44
478,92
479,66
480,76
481,94
482,60
483,52
484,92
485,28
486,58
487,50
488,96
489,72
490,82
491,80
492,56
493,48
494,74
495,84
496,52
497,38
498,100
499,86
500,104
501,58
502,76
503,120
504,22
505,50
506,72
507,58
508,60
509,48
510,44
511,72
512,46
513,46
514,68
515,76
516,36
517,30
518,74
519,70
520,74
521,82
522,48
523,66
524,94
525,76
526,74
527,64
528,58
529,70
530,64
531,58
532,64
533,66
534,116
535,48
536,90
537,56
538,64
539,56
540,74
541,98
542,56
543,72
544,72
545,80
546,40
547,94
548,74
549,80
550,98
551,56
552,82
553,54
554,64
555,116
556,60
557,98
558,88
559,78
560,62
561,40
562,86
563,70
564,66
565,66
566,74
567,66
568,54
569,56
570,56
571,64
572,78
573,56
574,62
575,64
576,70
577,86
578,80
579,76
580,48
581,36
582,86
583,54
584,74
585,58
586,90
587,34
588,68
589,54
590,64
591,38
592,46
593,80
594,52
595,72
596,80
597,60
598,66
599,100
600,88
601,66
602,58
603,100
604,58
605,66
606,48
607,64
608,60
609,40
610,60
611,94
612,40
613,44
614,50
615,52
616,76
617,96
618,84
619,24
620,54
621,70
622,72
623,70
624,54
625,84
626,48
627,86
628,76
629,50
630,36
631,64
632,58
633,48
634,54
635,60
636,90
637,84
638,56
639,64
640,86
641,58
642,58
643,44
644,80
645,48
646,72
647,86
648,58
649,36
650,92
651,80
652,72
653,78
654,30
655,92
656,50
657,62
658,60
659,78
660,64
661,86
662,88
663,42
664,80
665,72
666,64
667,80
668,56
669,42
670,42
671,38
672,40
673,76
674,40
675,46
676,70
677,106
678,18
679,62
680,80
681,56
682,80
683,72
684,98
685,68
686,72
687,74
688,82
689,58
690,76
691,78
692,32
693,78
694,72
695,52
696,96
697,34
698,82
699,72
700,70
701,56
702,72
703,72
704,112
705,50
706,64
707,48
708,82
709,90
710,76
711,66
712,98
713,56
714,66
715,74
716,68
717,92
718,68
719,66
720,56
721,104
722,86
723,60
724,74
725,48
726,78
727,60
728,100
729,68
730,52
731,52
732,60
733,92
734,76
735,80
736,78
737,76
738,58
739,60
740,44
741,56
742,60
743,54
744,78
745,36
746,70
747,32
748,102
749,58
750,78
751,96
752,58
753,42
754,76
755,52
756,64
757,50
758,66
759,76
760,74
761,62
762,50
763,98
764,42
765,70
766,62
767,80
768,84
769,64
770,88
771,58
772,78
773,80
774,42
775,38
776,46
777,50
778,44
779,94
780,72
781,24
782,52
783,86
784,84
785,36
786,96
787,60
788,68
789,36
790,72
791,38
792,44
793,50
794,56
795,82
796,60
797,102
798,54
799,62
800,60
801,54
802,36
803,56
804,70
805,74
806,42
807,98
808,38
809,84
810,54
811,66
812,60
813,56
814,74
815,80
816,78
817,68
818,72
819,68
820,100
821,58
822,82
823,72
824,104
825,68
826,58
827,48
828,90
829,50
830,56
831,62
832,32
833,58
834,74
835,82
836,46
837,56
838,64
839,92
840,46
841,68
842,62
843,38
844,44
845,46
846,40
847,46
848,44
849,46
850,48
851,56
852,60
853,62
854,42
855,54
856,80
857,74
858,76
859,92
860,88
861,64
862,62
863,76
864,60
865,60
866,68
867,46
868,54
869,116
870,84
871,86
872,80
873,94
874,58
875,72
876,54
877,86
878,98
879,80
880,70
881,44
882,60
883,78
884,88
885,64
886,92
887,84
888,110
889,76
890,92
891,54
892,40
893,74
894,50
895,40
896,78
897,44
898,64
899,50
900,84
901,84
902,36
903,70
904,58
905,64
906,82
907,58
908,68
909,50
910,50
911,64
912,82
913,50
914,86
915,74
916,32
917,36
918,86
919,58
920,58
921,76
922,86
923,48
924,98
925,78
926,74
927,32
928,42
929,28
930,60
931,30
932,56
933,26
934,66
935,78
936,58
937,70
938,24
939,64
940,54
941,76
942,42
943,98
944,40
945,34
946,58
947,96
948,88
949,68
950,56
951,70
952,66
953,52
954,110
955,84
956,72
957,96
958,44
959,80
960,50
961,76
962,58
963,60
964,62
965,82
966,44
967,70
968,60
969,80
970,44
971,70
972,64
973,68
974,92
975,58
976,52
977,76
978,38
979,44
980,62
981,62
982,100
983,42
984,42
985,98
986,96
987,34
988,56
989,66
990,84
991,68
992,44
993,74
994,24
995,76
996,92
997,88
998,40
999,72
1000,54
1001,72
1002,96
1003,66
1004,44
1005,52
1006,112
1007,76
1008,82
1009,78
1010,102
1011,66
1012,56
1013,50
1014,74
1015,58
1016,92
1017,72
1018,50
1019,28
1020,72
1021,70
1022,70
1023,94
1024,42
1025,60
1026,86
1027,54
1028,62
1029,36
1030,62
1031,60
1032,58
1033,62
1034,58
1035,66
1036,40
1037,20
1038,66
1039,82
