56,31,0,1
102,92,0,1
86,37,0,1
101,6,0,1
35,69,0,1
86,68,0,1
54,24,0,1
26,100,0,1
39,67,1,1
10,70,1,1
23,91,1,1
58,90,1,1
44,11,1,1
100,16,1,1
34,14,1,1
41,71,1,1
84,5,2,1
53,100,2,1
110,34,2,1
87,103,2,1
25,55,2,1
116,8,2,1
15,24,2,1
109,4,2,1
41,107,3,1
37,87,3,1
30,78,3,1
98,80,3,1
50,35,3,1
26,13,3,1
31,85,3,1
87,37,3,1
8,116,4,1
88,65,4,1
11,71,4,1
67,8,4,1
40,29,4,1
81,88,4,1
85,31,4,1
93,87,4,1
87,37,5,1
46,109,5,1
90,22,5,1
71,41,5,1
85,31,5,1
8,109,5,1
74,30,5,1
13,119,5,1
15,98,6,1
97,56,6,1
106,57,6,1
100,26,6,1
41,97,6,1
8,109,6,1
17,53,6,1
94,15,6,1
34,110,7,1
11,44,7,1
105,28,7,1
66,117,7,1
34,3,7,1
68,45,7,1
70,10,7,1
57,18,7,1
16,100,8,1
16,100,8,1
49,71,8,1
116,100,8,1
80,69,8,1
15,98,8,1
76,96,8,1
9,31,8,1
33,93,9,1
71,41,9,1
24,15,9,1
35,73,9,1
50,118,9,1
73,35,9,1
80,50,9,1
118,50,9,1
112,52,10,1
67,105,10,1
45,87,10,1
90,111,10,1
87,45,10,1
44,5,10,1
61,38,10,1
48,57,10,1
13,16,11,1
71,6,11,1
22,44,11,1
33,93,11,1
86,68,11,1
119,13,11,1
41,97,11,1
49,16,11,1
80,98,12,1
70,10,12,1
119,13,12,1
42,66,12,1
87,3,12,1
86,37,12,1
87,93,12,1
66,87,12,1
97,53,13,1
9,31,13,1
34,37,13,1
35,73,13,1
103,87,13,1
114,91,13,1
66,110,13,1
96,5,13,1
29,107,14,1
0,104,14,1
57,106,14,1
114,97,14,1
60,100,14,1
48,102,14,1
11,71,14,1
5,94,14,1
90,52,15,1
108,27,15,1
37,86,15,1
97,41,15,1
71,49,15,1
112,34,15,1
13,104,15,1
88,81,15,1
88,29,16,1
100,116,16,1
51,31,16,1
73,35,16,1
82,106,16,1
20,51,16,1
61,73,16,1
11,104,16,1
16,100,17,1
76,101,17,1
85,31,17,1
67,8,17,1
15,94,17,1
116,100,17,1
89,67,17,1
20,72,17,1
90,22,18,1
68,64,18,1
44,5,18,1
29,88,18,1
20,72,18,1
39,114,18,1
74,80,18,1
99,84,18,1
4,23,19,1
28,114,19,1
86,108,19,1
73,40,19,1
71,119,19,1
85,76,19,1
4,50,19,1
116,8,19,1
84,109,20,1
102,92,20,1
40,73,20,1
102,92,20,1
80,98,20,1
91,114,20,1
84,5,20,1
3,87,20,1
88,65,21,1
13,16,21,1
23,39,21,1
15,24,21,1
45,5,21,1
86,68,21,1
44,103,21,1
117,11,21,1
101,76,22,1
84,99,22,1
91,38,22,1
68,64,22,1
85,31,22,1
101,76,22,1
83,20,22,1
29,107,22,1
92,54,23,1
29,107,23,1
5,44,23,1
44,2,23,1
106,57,23,1
100,60,23,1
76,49,23,1
90,58,23,1
22,44,24,1
53,97,24,1
105,67,24,1
11,37,24,1
78,110,24,1
1,71,24,1
56,16,24,1
110,66,24,1
118,50,25,1
38,61,25,1
35,69,25,1
39,23,25,1
39,114,25,1
31,9,25,1
98,90,25,1
45,79,25,1
101,6,26,1
29,88,26,1
110,34,26,1
25,55,26,1
45,79,26,1
57,48,26,1
5,96,26,1
41,71,26,1
57,13,27,1
69,35,27,1
111,25,27,1
15,98,27,1
32,26,27,1
54,92,27,1
100,16,27,1
32,26,27,1
63,48,28,1
52,112,28,1
35,46,28,1
57,18,28,1
21,53,28,1
31,56,28,1
97,41,28,1
35,46,28,1
5,44,29,1
6,41,29,1
20,51,29,1
76,100,29,1
108,15,29,1
29,107,29,1
8,116,29,1
88,81,29,1
53,100,30,1
60,16,30,1
28,114,30,1
9,31,30,1
113,115,30,1
117,60,30,1
108,86,30,1
23,39,30,1
46,109,31,1
39,114,31,1
44,103,31,1
15,94,31,1
16,60,31,1
86,68,31,1
65,25,31,1
98,90,31,1
88,81,32,1
119,71,32,1
109,4,32,1
5,44,32,1
30,73,32,1
49,41,32,1
26,100,32,1
45,68,32,1
23,16,33,1
96,5,33,1
17,38,33,1
79,84,33,1
55,25,33,1
111,25,33,1
119,13,33,1
91,114,33,1
82,106,34,1
37,11,34,1
98,90,34,1
96,5,34,1
16,60,34,1
49,16,34,1
4,50,34,1
106,82,34,1
25,87,35,1
100,16,35,1
52,90,35,1
90,58,35,1
88,20,35,1
61,73,35,1
80,69,35,1
104,13,35,1
71,119,36,1
116,8,36,1
55,87,36,1
17,53,36,1
22,70,36,1
34,3,36,1
45,5,36,1
22,70,36,1
115,113,37,1
21,114,37,1
71,6,37,1
57,48,37,1
96,40,37,1
20,72,37,1
6,101,37,1
38,61,37,1
29,101,38,1
90,98,38,1
49,41,38,1
28,105,38,1
12,55,38,1
63,80,38,1
78,30,38,1
64,68,38,1
66,117,39,1
98,80,39,1
46,35,39,1
44,103,39,1
12,3,39,1
110,34,39,1
54,92,39,1
26,13,39,1
52,58,40,1
71,6,40,1
11,104,40,1
31,85,40,1
18,57,40,1
78,30,40,1
13,53,40,1
67,8,40,1
93,33,41,1
68,64,41,1
13,119,41,1
50,4,41,1
102,92,41,1
104,12,41,1
100,16,41,1
5,45,41,1
105,28,42,1
78,30,42,1
3,87,42,1
90,22,42,1
101,6,42,1
57,13,42,1
107,29,42,1
107,41,42,1
43,46,43,1
73,35,43,1
16,49,43,1
24,54,43,1
22,44,43,1
66,37,43,1
43,46,43,1
57,106,43,1
104,84,44,1
45,5,44,1
47,75,44,1
3,12,44,1
107,29,44,1
11,37,44,1
46,109,44,1
2,11,44,1
24,15,45,1
16,56,45,1
119,71,45,1
106,82,45,1
11,104,45,1
106,10,45,1
13,119,45,1
15,24,45,1
91,23,46,1
72,20,46,1
79,84,46,1
67,105,46,1
6,71,46,1
83,44,46,1
88,65,46,1
71,6,46,1
41,49,47,1
34,110,47,1
15,24,47,1
117,66,47,1
5,84,47,1
76,84,47,1
112,52,47,1
88,29,47,1
28,114,48,1
100,53,48,1
113,115,48,1
5,45,48,1
27,108,48,1
53,80,48,1
104,11,48,1
2,11,48,1
108,86,49,1
111,25,49,1
57,106,49,1
78,94,49,1
97,56,49,1
100,53,49,1
10,106,49,1
69,80,49,1
116,100,50,1
25,87,50,1
104,11,50,1
39,114,50,1
112,52,50,1
108,86,50,1
12,55,50,1
42,44,50,1
71,1,51,1
39,23,51,1
53,80,51,1
80,69,51,1
97,41,51,1
55,12,51,1
8,116,51,1
40,96,51,1
97,40,52,1
20,72,52,1
104,13,52,1
16,100,52,1
6,41,52,1
104,12,52,1
68,64,52,1
16,23,52,1
54,92,53,1
50,118,53,1
20,83,53,1
108,15,53,1
35,46,53,1
100,76,53,1
73,40,53,1
16,23,53,1
110,34,54,1
43,46,54,1
8,116,54,1
60,100,54,1
24,15,54,1
42,5,54,1
87,37,54,1
91,23,54,1
53,80,55,1
90,111,55,1
76,100,55,1
16,60,55,1
11,117,55,1
118,50,55,1
15,94,55,1
37,93,55,1
40,29,56,1
48,63,56,1
35,46,56,1
3,12,56,1
79,45,56,1
10,70,56,1
60,117,56,1
65,25,56,1
82,106,57,1
79,84,57,1
65,25,57,1
44,22,57,1
41,26,57,1
68,64,57,1
101,76,57,1
114,39,57,1
97,56,58,1
99,84,58,1
76,85,58,1
31,9,58,1
6,71,58,1
44,103,58,1
42,66,58,1
88,20,58,1
109,84,59,1
94,5,59,1
5,45,59,1
17,53,59,1
67,8,59,1
111,90,59,1
25,65,59,1
111,90,59,1
29,40,60,1
26,100,60,1
106,57,60,1
53,17,60,1
50,80,60,1
16,65,60,1
40,96,60,1
23,91,60,1
8,109,61,1
46,109,61,1
45,5,61,1
60,100,61,1
60,16,61,1
100,16,61,1
87,37,61,1
29,107,61,1
12,55,62,1
8,73,62,1
73,61,62,1
73,61,62,1
105,67,62,1
112,34,62,1
104,0,62,1
71,119,62,1
27,108,63,1
91,114,63,1
66,110,63,1
0,104,63,1
71,119,63,1
53,80,63,1
68,45,63,1
3,34,63,1
111,90,64,1
103,87,64,1
90,58,64,1
72,20,64,1
87,103,64,1
73,61,64,1
5,96,64,1
76,100,64,1
6,101,65,1
5,45,65,1
16,49,65,1
8,116,65,1
14,34,65,1
71,49,65,1
35,50,65,1
12,55,65,1
100,116,66,1
102,23,66,1
106,57,66,1
41,97,66,1
23,91,66,1
112,52,66,1
102,23,66,1
85,76,66,1
52,58,67,1
42,44,67,1
75,47,67,1
23,91,67,1
5,94,67,1
41,6,67,1
7,68,67,1
24,15,67,1
49,71,68,1
110,78,68,1
49,76,68,1
100,76,68,1
104,84,68,1
79,84,68,1
97,41,68,1
63,21,68,1
78,94,69,1
42,5,69,1
45,5,69,1
67,105,69,1
31,85,69,1
38,17,69,1
40,73,69,1
55,25,69,1
7,68,70,1
63,80,70,1
5,84,70,1
112,34,70,1
60,16,70,1
55,25,70,1
70,22,70,1
44,83,70,1
97,41,71,1
11,37,71,1
99,84,71,1
94,15,71,1
116,8,71,1
119,13,71,1
8,67,71,1
98,80,71,1
79,45,72,1
17,53,72,1
53,17,72,1
48,63,72,1
22,70,72,1
33,93,72,1
55,25,72,1
116,100,72,1
38,17,73,1
35,69,73,1
65,88,73,1
76,84,73,1
84,76,73,1
73,40,73,1
17,38,73,1
105,67,73,1
31,56,74,1
40,73,74,1
54,24,74,1
100,60,74,1
60,100,74,1
73,8,74,1
56,97,74,1
38,17,74,1
8,73,75,1
39,23,75,1
16,23,75,1
58,90,75,1
41,71,75,1
16,56,75,1
23,91,75,1
29,107,75,1
40,73,76,1
110,34,76,1
68,86,76,1
42,5,76,1
5,94,76,1
58,52,76,1
26,32,76,1
44,5,76,1
100,76,77,1
88,29,77,1
61,38,77,1
20,88,77,1
57,106,77,1
40,73,77,1
0,7,77,1
21,63,77,1
0,104,78,1
100,53,78,1
70,22,78,1
68,7,78,1
97,114,78,1
116,8,78,1
11,104,78,1
91,38,78,1
57,13,79,1
31,9,79,1
87,66,79,1
76,49,79,1
96,5,79,1
53,13,79,1
58,90,79,1
70,10,79,1
38,91,80,1
6,41,80,1
114,21,80,1
27,108,80,1
92,54,80,1
23,4,80,1
93,87,80,1
13,57,80,1
44,11,81,1
45,79,81,1
102,92,81,1
66,60,81,1
28,114,81,1
53,100,81,1
34,3,81,1
3,34,81,1
16,100,82,1
9,45,82,1
71,6,82,1
63,80,82,1
57,13,82,1
60,117,82,1
45,9,82,1
52,112,82,1
3,87,83,1
97,41,83,1
88,29,83,1
11,2,83,1
69,80,83,1
68,7,83,1
104,13,83,1
107,41,83,1
63,80,84,1
76,100,84,1
49,76,84,1
38,61,84,1
49,71,84,1
56,16,84,1
11,37,84,1
35,69,84,1
106,57,85,1
79,45,85,1
97,41,85,1
39,67,85,1
108,86,85,1
111,90,85,1
50,118,85,1
51,50,85,1
90,22,86,1
92,72,86,1
51,20,86,1
48,63,86,1
4,109,86,1
58,52,86,1
44,2,86,1
73,35,86,1
81,88,87,1
76,100,87,1
25,55,87,1
20,72,87,1
17,53,87,1
33,93,87,1
35,50,87,1
10,106,87,1
2,11,88,1
29,40,88,1
51,50,88,1
105,28,88,1
109,4,88,1
73,30,88,1
22,90,88,1
104,13,88,1
116,8,89,1
7,68,89,1
66,110,89,1
44,22,89,1
6,41,89,1
3,34,89,1
65,25,89,1
89,67,89,1
11,37,90,1
22,70,90,1
49,76,90,1
11,2,90,1
22,70,90,1
78,94,90,1
84,79,90,1
17,53,90,1
111,25,91,1
66,117,91,1
34,3,91,1
93,87,91,1
5,94,91,1
48,102,91,1
114,97,91,1
55,87,91,1
33,93,92,1
29,40,92,1
91,23,92,1
45,9,92,1
79,84,92,1
21,63,92,1
5,45,92,1
40,96,92,1
86,37,93,1
84,5,93,1
32,26,93,1
45,68,93,1
31,85,93,1
23,102,93,1
52,112,93,1
65,25,93,1
86,37,94,1
37,87,94,1
107,41,94,1
23,16,94,1
57,106,94,1
93,33,94,1
26,32,94,1
49,76,94,1
87,45,95,1
85,76,95,1
55,25,95,1
117,66,95,1
115,113,95,1
11,104,95,1
94,78,95,1
5,42,95,1
50,35,96,1
68,45,96,1
26,32,96,1
94,78,96,1
63,80,96,1
41,97,96,1
110,34,96,1
13,104,96,1
60,66,97,1
10,70,97,1
57,106,97,1
94,5,97,1
108,86,97,1
54,92,97,1
5,42,97,1
35,46,97,1
24,54,98,1
44,83,98,1
85,76,98,1
97,56,98,1
100,76,98,1
15,94,98,1
30,74,98,1
68,45,98,1
38,91,99,1
86,37,99,1
26,100,99,1
82,106,99,1
45,68,99,1
16,60,99,1
84,99,99,1
26,100,99,1
54,24,100,1
97,53,100,1
112,52,100,1
57,18,100,1
70,10,100,1
34,110,100,1
74,30,100,1
31,85,100,1
15,98,101,1
91,23,101,1
15,94,101,1
87,66,101,1
71,1,101,1
29,88,101,1
23,102,101,1
116,100,101,1
66,117,102,1
31,51,102,1
73,8,102,1
100,76,102,1
17,38,102,1
119,71,102,1
108,27,102,1
39,67,102,1
115,113,103,1
29,40,103,1
4,50,103,1
34,112,103,1
115,113,103,1
117,60,103,1
98,15,103,1
39,23,103,1
53,100,104,1
46,35,104,1
4,23,104,1
44,5,104,1
97,41,104,1
87,55,104,1
58,90,104,1
15,98,104,1
40,97,105,1
80,74,105,1
107,29,105,1
97,53,105,1
87,45,105,1
39,114,105,1
27,108,105,1
53,17,105,1
80,74,106,1
92,13,106,1
45,87,106,1
107,41,106,1
107,41,106,1
87,66,106,1
34,110,106,1
93,37,106,1
22,70,107,1
41,107,107,1
102,48,107,1
74,80,107,1
11,117,107,1
58,52,107,1
41,26,107,1
119,13,107,1
81,88,108,1
50,35,108,1
13,16,108,1
102,23,108,1
85,31,108,1
20,88,108,1
80,50,108,1
79,45,108,1
6,71,109,1
109,8,109,1
76,100,109,1
41,107,109,1
37,87,109,1
21,114,109,1
52,90,109,1
12,3,109,1
45,5,110,1
109,8,110,1
14,34,110,1
104,84,110,1
16,100,110,1
108,27,110,1
66,37,110,1
101,29,110,1
37,34,111,1
88,65,111,1
53,17,111,1
21,114,111,1
67,8,111,1
56,31,111,1
41,71,111,1
34,3,111,1
5,84,112,1
32,26,112,1
112,52,112,1
43,46,112,1
109,46,112,1
42,5,112,1
87,66,112,1
105,28,112,1
54,92,113,1
33,93,113,1
66,110,113,1
73,30,113,1
30,74,113,1
114,28,113,1
76,84,113,1
35,73,113,1
34,110,114,1
114,97,114,1
52,112,114,1
37,87,114,1
26,41,114,1
53,17,114,1
81,88,114,1
32,26,114,1
13,57,115,1
107,29,115,1
94,5,115,1
80,98,115,1
23,91,115,1
68,86,115,1
76,49,115,1
88,81,115,1
40,29,116,1
20,88,116,1
79,84,116,1
106,57,116,1
52,112,116,1
20,72,116,1
30,78,116,1
85,76,116,1
46,43,117,1
24,15,117,1
116,8,117,1
30,73,117,1
45,5,117,1
87,66,117,1
46,109,117,1
108,27,117,1
11,2,118,1
66,110,118,1
106,10,118,1
78,30,118,1
109,46,118,1
21,63,118,1
71,41,118,1
76,85,118,1
117,66,119,1
67,89,119,1
50,80,119,1
35,69,119,1
118,50,119,1
5,94,119,1
8,73,119,1
3,87,119,1
38,91,120,1
61,73,120,1
109,8,120,1
93,37,120,1
90,58,120,1
88,20,120,1
100,60,120,1
57,18,120,1
41,6,121,1
30,73,121,1
11,37,121,1
35,50,121,1
96,76,121,1
63,21,121,1
38,91,121,1
72,20,121,1
6,101,122,1
79,84,122,1
23,39,122,1
100,76,122,1
50,4,122,1
24,54,122,1
67,105,122,1
57,13,122,1
40,29,123,1
37,11,123,1
73,30,123,1
66,42,123,1
57,48,123,1
17,38,123,1
100,16,123,1
106,82,123,1
80,50,124,1
74,30,124,1
71,1,124,1
108,15,124,1
93,37,124,1
66,37,124,1
97,53,124,1
50,51,124,1
60,117,125,1
31,9,125,1
104,0,125,1
53,17,125,1
11,44,125,1
67,8,125,1
106,10,125,1
88,20,125,1
58,52,126,1
39,23,126,1
10,70,126,1
53,21,126,1
38,91,126,1
88,81,126,1
37,86,126,1
26,32,126,1
13,53,127,1
63,80,127,1
85,76,127,1
92,72,127,1
63,21,127,1
98,90,127,1
53,13,127,1
44,103,127,1
37,87,128,1
14,34,128,1
67,39,128,1
50,51,128,1
5,94,128,1
101,29,128,1
53,17,128,1
49,41,128,1
66,60,129,1
78,94,129,1
39,67,129,1
11,44,129,1
53,100,129,1
57,13,129,1
92,102,129,1
8,67,129,1
84,104,130,1
28,105,130,1
92,72,130,1
66,87,130,1
93,37,130,1
11,2,130,1
79,84,130,1
100,60,130,1
5,94,131,1
117,11,131,1
73,61,131,1
84,79,131,1
0,104,131,1
13,26,131,1
26,13,131,1
42,44,131,1
87,25,132,1
90,111,132,1
86,37,132,1
41,49,132,1
93,87,132,1
46,43,132,1
65,88,132,1
66,117,132,1
29,40,133,1
78,94,133,1
51,31,133,1
25,55,133,1
13,92,133,1
88,20,133,1
78,110,133,1
104,12,133,1
75,47,134,1
2,11,134,1
46,43,134,1
84,109,134,1
87,25,134,1
110,78,134,1
8,67,134,1
46,43,134,1
84,104,135,1
58,90,135,1
108,86,135,1
71,41,135,1
6,41,135,1
96,5,135,1
87,66,135,1
43,46,135,1
49,71,136,1
106,10,136,1
73,8,136,1
53,100,136,1
79,45,136,1
90,58,136,1
92,13,136,1
117,60,136,1
114,39,137,1
25,55,137,1
65,88,137,1
103,44,137,1
56,97,137,1
1,71,137,1
100,26,137,1
114,39,137,1
40,29,138,1
116,100,138,1
2,44,138,1
18,57,138,1
35,102,138,1
31,51,138,1
3,87,138,1
52,58,138,1
76,84,139,1
100,26,139,1
41,26,139,1
23,4,139,1
31,9,139,1
0,7,139,1
35,69,139,1
78,110,139,1
60,117,140,1
26,13,140,1
61,38,140,1
100,60,140,1
13,53,140,1
79,84,140,1
23,102,140,1
57,48,140,1
90,111,141,1
66,60,141,1
2,11,141,1
66,117,141,1
110,66,141,1
71,119,141,1
98,80,141,1
84,104,141,1
109,4,142,1
13,92,142,1
45,68,142,1
0,7,142,1
111,25,142,1
24,15,142,1
114,91,142,1
50,51,142,1
58,52,143,1
76,49,143,1
92,13,143,1
37,11,143,1
45,87,143,1
101,6,143,1
58,90,143,1
72,92,143,1
5,96,144,1
106,82,144,1
68,86,144,1
4,109,144,1
5,84,144,1
16,13,144,1
35,50,144,1
13,53,144,1
2,44,145,1
68,64,145,1
73,30,145,1
45,9,145,1
88,65,145,1
11,44,145,1
57,18,145,1
92,102,145,1
87,3,146,1
12,55,146,1
60,16,146,1
80,63,146,1
13,53,146,1
45,87,146,1
35,69,146,1
40,96,146,1
112,52,147,1
106,57,147,1
37,93,147,1
114,97,147,1
23,102,147,1
87,66,147,1
61,73,147,1
66,87,147,1
26,41,148,1
47,75,148,1
69,80,148,1
108,15,148,1
80,74,148,1
92,72,148,1
42,66,148,1
44,83,148,1
8,67,149,1
103,44,149,1
37,93,149,1
42,66,149,1
58,52,149,1
66,117,149,1
8,67,149,1
116,8,149,1
71,6,150,1
53,80,150,1
74,80,150,1
35,50,150,1
13,57,150,1
86,37,150,1
49,71,150,1
116,8,150,1
96,40,151,1
87,25,151,1
30,74,151,1
46,109,151,1
96,76,151,1
44,5,151,1
96,76,151,1
81,88,151,1
44,2,152,1
42,5,152,1
54,24,152,1
34,14,152,1
50,4,152,1
114,97,152,1
104,12,152,1
86,37,152,1
25,65,153,1
45,9,153,1
34,37,153,1
119,71,153,1
20,88,153,1
37,66,153,1
94,5,153,1
11,2,153,1
117,60,154,1
40,29,154,1
11,37,154,1
44,11,154,1
96,76,154,1
57,106,154,1
44,42,154,1
22,70,154,1
37,93,155,1
71,41,155,1
87,37,155,1
46,43,155,1
17,38,155,1
53,97,155,1
58,52,155,1
94,15,155,1
8,116,156,1
54,92,156,1
88,20,156,1
0,7,156,1
71,41,156,1
114,28,156,1
76,49,156,1
31,51,156,1
37,11,157,1
42,5,157,1
11,2,157,1
90,58,157,1
108,86,157,1
104,0,157,1
56,31,157,1
117,11,157,1
24,15,158,1
32,26,158,1
71,6,158,1
25,55,158,1
63,48,158,1
110,34,158,1
112,52,158,1
35,69,158,1
84,104,159,1
100,60,159,1
51,20,159,1
67,8,159,1
20,88,159,1
117,60,159,1
69,80,159,1
16,49,159,1
69,35,160,1
115,113,160,1
44,11,160,1
58,90,160,1
66,37,160,1
5,94,160,1
97,41,160,1
93,87,160,1
73,61,161,1
66,110,161,1
21,63,161,1
41,97,161,1
58,52,161,1
86,108,161,1
16,60,161,1
66,37,161,1
51,31,162,1
87,45,162,1
69,35,162,1
76,96,162,1
76,84,162,1
16,65,162,1
71,11,162,1
21,53,162,1
31,51,163,1
50,80,163,1
93,87,163,1
17,53,163,1
8,116,163,1
34,3,163,1
50,51,163,1
53,97,163,1
101,76,164,1
119,49,164,1
109,4,164,1
108,86,164,1
9,45,164,1
8,67,164,1
78,94,164,1
83,44,164,1
104,0,165,1
80,63,165,1
74,80,165,1
8,116,165,1
53,100,165,1
84,76,165,1
18,57,165,1
117,11,165,1
23,4,166,1
44,42,166,1
57,18,166,1
42,66,166,1
35,69,166,1
32,26,166,1
69,35,166,1
90,98,166,1
53,21,167,1
73,8,167,1
5,42,167,1
26,32,167,1
37,66,167,1
93,37,167,1
76,84,167,1
20,72,167,1
37,66,168,1
7,68,168,1
11,71,168,1
22,90,168,1
58,90,168,1
37,34,168,1
68,7,168,1
5,94,168,1
98,80,169,1
66,110,169,1
65,16,169,1
39,67,169,1
96,5,169,1
26,13,169,1
21,53,169,1
108,15,169,1
68,7,170,1
79,84,170,1
114,39,170,1
111,90,170,1
67,8,170,1
10,106,170,1
7,68,170,1
53,21,170,1
53,97,171,1
17,53,171,1
15,108,171,1
12,3,171,1
84,76,171,1
81,88,171,1
73,40,171,1
25,111,171,1
45,9,172,1
50,51,172,1
49,71,172,1
50,51,172,1
96,76,172,1
38,91,172,1
76,84,172,1
15,94,172,1
45,68,173,1
37,86,173,1
42,66,173,1
98,15,173,1
72,92,173,1
35,102,173,1
41,97,173,1
20,51,173,1
73,30,174,1
108,86,174,1
67,8,174,1
66,117,174,1
97,40,174,1
87,66,174,1
9,31,174,1
102,35,174,1
29,101,175,1
55,87,175,1
1,71,175,1
67,105,175,1
15,24,175,1
2,11,175,1
104,13,175,1
87,103,175,1
57,106,176,1
56,97,176,1
66,42,176,1
102,48,176,1
100,76,176,1
34,112,176,1
44,2,176,1
23,39,176,1
30,78,177,1
50,51,177,1
9,45,177,1
12,104,177,1
5,44,177,1
39,67,177,1
14,34,177,1
79,84,177,1
97,114,178,1
102,35,178,1
71,41,178,1
60,100,178,1
30,78,178,1
66,87,178,1
57,48,178,1
92,54,178,1
65,25,179,1
41,49,179,1
76,49,179,1
23,91,179,1
81,88,179,1
70,22,179,1
92,72,179,1
57,18,179,1
