-1,0,0,33,1
-1,0,34,29,1
-1,0,72,82,1
-1,0,113,56,1
-1,0,105,15,1
-1,0,58,45,1
-1,0,77,24,1
-1,0,95,86,1
0,1,64,14,1
0,1,39,26,1
0,1,10,39,1
0,1,45,22,1
0,1,22,13,1
0,1,84,67,1
0,1,19,61,1
0,1,65,70,1
1,2,93,39,1
1,2,84,57,1
1,2,116,112,1
1,2,72,55,1
1,2,6,28,1
1,2,92,107,1
1,2,81,37,1
1,2,64,1,1
2,3,48,8,1
2,3,111,47,1
2,3,50,80,1
2,3,84,67,1
2,3,44,40,1
2,3,22,45,1
2,3,38,16,1
2,3,67,84,1
3,4,29,102,1
3,4,60,119,1
3,4,8,61,1
3,4,73,43,1
3,4,57,5,1
3,4,26,39,1
3,4,4,15,1
3,4,13,10,1
4,5,68,84,1
4,5,87,39,1
4,5,6,41,1
4,5,110,78,1
4,5,0,23,1
4,5,86,90,1
4,5,15,4,1
4,5,110,56,1
5,6,47,111,1
5,6,84,67,1
5,6,67,22,1
5,6,19,106,1
5,6,50,22,1
5,6,55,117,1
5,6,57,66,1
5,6,107,114,1
6,7,84,23,1
6,7,84,69,1
6,7,79,1,1
6,7,67,113,1
6,7,84,54,1
6,7,87,2,1
6,7,38,81,1
6,7,111,32,1
7,8,22,28,1
7,8,118,22,1
7,8,59,1,1
7,8,114,113,1
7,8,1,25,1
7,8,60,101,1
7,8,39,19,1
7,8,62,44,1
8,9,102,71,1
8,9,27,100,1
8,9,13,111,1
8,9,2,87,1
8,9,62,30,1
8,9,113,114,1
8,9,39,10,1
8,9,105,15,1
9,10,26,39,1
9,10,76,87,1
9,10,60,101,1
9,10,57,84,1
9,10,67,84,1
9,10,39,26,1
9,10,1,67,1
9,10,71,118,1
10,11,114,118,1
10,11,57,66,1
10,11,97,39,1
10,11,54,6,1
10,11,9,84,1
10,11,2,32,1
10,11,39,26,1
10,11,86,68,1
11,12,116,86,1
11,12,109,58,1
11,12,46,84,1
11,12,84,68,1
11,12,6,42,1
11,12,14,52,1
11,12,36,41,1
11,12,103,62,1
12,13,8,61,1
12,13,90,116,1
12,13,38,16,1
12,13,100,27,1
12,13,85,29,1
12,13,80,61,1
12,13,85,56,1
12,13,109,58,1
13,14,19,106,1
13,14,94,13,1
13,14,34,29,1
13,14,117,55,1
13,14,8,28,1
13,14,44,62,1
13,14,25,1,1
13,14,10,13,1
14,15,98,101,1
14,15,82,18,1
14,15,86,107,1
14,15,41,6,1
14,15,43,73,1
14,15,85,29,1
14,15,26,5,1
14,15,35,104,1
15,16,101,95,1
15,16,80,50,1
15,16,84,57,1
15,16,12,71,1
15,16,83,102,1
15,16,73,7,1
15,16,7,73,1
15,16,22,13,1
16,17,58,109,1
16,17,9,90,1
16,17,10,39,1
16,17,15,4,1
16,17,37,81,1
16,17,101,21,1
16,17,28,6,1
16,17,55,117,1
17,18,39,32,1
17,18,43,73,1
17,18,99,87,1
17,18,15,105,1
17,18,3,109,1
17,18,38,81,1
17,18,6,111,1
17,18,28,84,1
18,19,114,113,1
18,19,27,100,1
18,19,104,59,1
18,19,84,28,1
18,19,13,22,1
18,19,9,90,1
18,19,104,59,1
18,19,109,37,1
19,20,2,57,1
19,20,62,94,1
19,20,12,71,1
19,20,99,47,1
19,20,66,57,1
19,20,84,57,1
19,20,62,30,1
19,20,72,55,1
20,21,84,46,1
20,21,6,111,1
20,21,114,118,1
20,21,115,51,1
20,21,113,1,1
20,21,60,29,1
20,21,12,118,1
20,21,107,86,1
21,22,109,58,1
21,22,115,51,1
21,22,7,73,1
21,22,99,53,1
21,22,109,1,1
21,22,114,94,1
21,22,38,81,1
21,22,1,49,1
22,23,57,54,1
22,23,28,22,1
22,23,67,113,1
22,23,112,34,1
22,23,22,67,1
22,23,74,48,1
22,23,29,102,1
22,23,60,21,1
23,24,90,45,1
23,24,25,110,1
23,24,21,101,1
23,24,25,95,1
23,24,58,45,1
23,24,109,28,1
23,24,74,114,1
23,24,5,57,1
24,25,6,111,1
24,25,84,9,1
24,25,114,94,1
24,25,6,86,1
24,25,60,119,1
24,25,29,102,1
24,25,85,72,1
24,25,71,73,1
25,26,35,110,1
25,26,5,26,1
25,26,80,50,1
25,26,115,1,1
25,26,52,14,1
25,26,50,22,1
25,26,58,112,1
25,26,46,79,1
26,27,97,112,1
26,27,6,1,1
26,27,93,39,1
26,27,98,101,1
26,27,17,33,1
26,27,84,105,1
26,27,118,114,1
26,27,81,36,1
27,28,79,56,1
27,28,37,27,1
27,28,18,48,1
27,28,21,101,1
27,28,84,69,1
27,28,111,47,1
27,28,12,118,1
27,28,1,64,1
28,29,71,73,1
28,29,50,111,1
28,29,45,22,1
28,29,101,7,1
28,29,112,85,1
28,29,1,79,1
28,29,13,111,1
28,29,6,28,1
29,30,48,18,1
29,30,94,14,1
29,30,117,70,1
29,30,8,28,1
29,30,38,16,1
29,30,86,116,1
29,30,87,99,1
29,30,84,67,1
30,31,8,48,1
30,31,73,43,1
30,31,97,39,1
30,31,114,74,1
30,31,87,99,1
30,31,19,39,1
30,31,62,44,1
30,31,28,66,1
31,32,104,31,1
31,32,85,72,1
31,32,115,1,1
31,32,6,42,1
31,32,49,1,1
31,32,118,12,1
31,32,66,28,1
31,32,6,28,1
32,33,22,58,1
32,33,51,39,1
32,33,18,82,1
32,33,105,119,1
32,33,33,17,1
32,33,105,15,1
32,33,95,86,1
32,33,13,19,1
33,34,56,79,1
33,34,111,97,1
33,34,118,71,1
33,34,70,65,1
33,34,34,47,1
33,34,114,74,1
33,34,97,112,1
33,34,57,2,1
34,35,99,47,1
34,35,57,93,1
34,35,33,0,1
34,35,67,93,1
34,35,7,73,1
34,35,1,67,1
34,35,114,118,1
34,35,113,63,1
35,36,94,114,1
35,36,99,53,1
35,36,111,13,1
35,36,115,15,1
35,36,2,106,1
35,36,13,10,1
35,36,5,26,1
35,36,51,115,1
36,37,101,7,1
36,37,85,72,1
36,37,111,47,1
36,37,54,6,1
36,37,72,85,1
36,37,99,53,1
36,37,26,51,1
36,37,111,47,1
37,38,15,105,1
37,38,39,10,1
37,38,60,101,1
37,38,1,67,1
37,38,47,99,1
37,38,52,14,1
37,38,67,1,1
37,38,116,92,1
38,39,109,37,1
38,39,39,87,1
38,39,54,111,1
38,39,19,39,1
38,39,84,68,1
38,39,88,54,1
38,39,83,102,1
38,39,97,112,1
39,40,80,96,1
39,40,80,50,1
39,40,44,62,1
39,40,61,13,1
39,40,29,97,1
39,40,47,99,1
39,40,85,56,1
39,40,60,29,1
40,41,39,97,1
40,41,25,110,1
40,41,0,23,1
40,41,12,71,1
40,41,87,76,1
40,41,109,58,1
40,41,47,34,1
40,41,13,54,1
41,42,90,9,1
41,42,22,58,1
41,42,58,22,1
41,42,87,99,1
41,42,79,1,1
41,42,81,38,1
41,42,12,118,1
41,42,56,85,1
42,43,81,36,1
42,43,28,66,1
42,43,101,7,1
42,43,84,8,1
42,43,57,93,1
42,43,8,86,1
42,43,65,31,1
42,43,90,45,1
43,44,112,34,1
43,44,84,46,1
43,44,26,5,1
43,44,110,78,1
43,44,56,85,1
43,44,84,67,1
43,44,33,106,1
43,44,82,14,1
44,45,29,102,1
44,45,34,112,1
44,45,96,80,1
44,45,69,42,1
44,45,110,35,1
44,45,80,50,1
44,45,82,14,1
44,45,68,86,1
45,46,1,64,1
45,46,69,42,1
45,46,60,119,1
45,46,34,29,1
45,46,119,60,1
45,46,2,32,1
45,46,97,111,1
45,46,12,118,1
46,47,19,102,1
46,47,90,18,1
46,47,65,25,1
46,47,111,83,1
46,47,34,29,1
46,47,27,37,1
46,47,82,72,1
46,47,2,90,1
47,48,106,2,1
47,48,107,86,1
47,48,109,94,1
47,48,1,64,1
47,48,104,59,1
47,48,111,6,1
47,48,79,1,1
47,48,101,95,1
48,49,14,64,1
48,49,84,9,1
48,49,1,79,1
48,49,36,41,1
48,49,45,22,1
48,49,5,57,1
48,49,29,85,1
48,49,101,95,1
49,50,67,84,1
49,50,60,11,1
49,50,19,106,1
49,50,68,22,1
49,50,90,86,1
49,50,106,33,1
49,50,111,97,1
49,50,34,112,1
50,51,34,47,1
50,51,98,101,1
50,51,62,30,1
50,51,70,65,1
50,51,10,39,1
50,51,0,23,1
50,51,5,57,1
50,51,13,10,1
51,52,25,95,1
51,52,34,47,1
51,52,45,90,1
51,52,71,102,1
51,52,112,29,1
51,52,33,17,1
51,52,86,68,1
51,52,106,2,1
52,53,1,6,1
52,53,82,18,1
52,53,33,17,1
52,53,107,118,1
52,53,119,105,1
52,53,62,30,1
52,53,92,107,1
52,53,97,112,1
53,54,44,40,1
53,54,14,107,1
53,54,11,60,1
53,54,18,118,1
53,54,107,114,1
53,54,101,91,1
53,54,81,37,1
53,54,14,52,1
54,55,25,110,1
54,55,86,6,1
54,55,9,90,1
54,55,80,96,1
54,55,26,39,1
54,55,97,112,1
54,55,94,62,1
54,55,116,92,1
55,56,2,57,1
55,56,107,85,1
55,56,79,14,1
55,56,118,18,1
55,56,67,93,1
55,56,86,6,1
55,56,97,29,1
55,56,95,101,1
56,57,65,25,1
56,57,86,107,1
56,57,79,46,1
56,57,23,84,1
56,57,51,39,1
56,57,113,56,1
56,57,37,27,1
56,57,97,111,1
57,58,94,13,1
57,58,6,28,1
57,58,9,37,1
57,58,112,29,1
57,58,113,68,1
57,58,109,37,1
57,58,84,57,1
57,58,54,6,1
58,59,10,39,1
58,59,116,112,1
58,59,6,28,1
58,59,109,37,1
58,59,83,102,1
58,59,73,7,1
58,59,79,14,1
58,59,91,101,1
59,60,70,117,1
59,60,1,25,1
59,60,60,119,1
59,60,19,13,1
59,60,106,2,1
59,60,73,71,1
59,60,109,1,1
59,60,8,86,1
60,61,13,111,1
60,61,44,62,1
60,61,70,117,1
60,61,28,6,1
60,61,89,15,1
60,61,79,56,1
60,61,79,14,1
60,61,107,86,1
61,62,86,107,1
61,62,61,19,1
61,62,8,28,1
61,62,9,37,1
61,62,14,94,1
61,62,29,102,1
61,62,68,113,1
61,62,6,1,1
62,63,101,7,1
62,63,43,73,1
62,63,15,105,1
62,63,8,3,1
62,63,102,19,1
62,63,19,61,1
62,63,32,39,1
62,63,107,86,1
63,64,112,34,1
63,64,72,85,1
63,64,101,98,1
63,64,5,57,1
63,64,22,68,1
63,64,39,32,1
63,64,84,105,1
63,64,79,46,1
64,65,72,55,1
64,65,74,48,1
64,65,19,61,1
64,65,3,109,1
64,65,66,57,1
64,65,115,15,1
64,65,59,1,1
64,65,97,112,1
65,66,68,84,1
65,66,3,109,1
65,66,43,73,1
65,66,1,109,1
65,66,101,21,1
65,66,9,37,1
65,66,96,80,1
65,66,29,34,1
66,67,43,73,1
66,67,72,82,1
66,67,2,57,1
66,67,7,73,1
66,67,102,19,1
66,67,37,27,1
66,67,52,14,1
66,67,1,17,1
67,68,6,84,1
67,68,16,38,1
67,68,23,0,1
67,68,38,16,1
67,68,112,29,1
67,68,41,6,1
67,68,99,47,1
67,68,84,68,1
68,69,65,31,1
68,69,41,6,1
68,69,43,10,1
68,69,23,0,1
68,69,13,111,1
68,69,28,12,1
68,69,81,36,1
68,69,107,14,1
69,70,109,45,1
69,70,37,27,1
69,70,61,80,1
69,70,9,37,1
69,70,115,15,1
69,70,97,29,1
69,70,73,71,1
69,70,29,97,1
70,71,9,90,1
70,71,78,54,1
70,71,111,13,1
70,71,97,39,1
70,71,36,41,1
70,71,54,111,1
70,71,56,113,1
70,71,58,78,1
71,72,80,50,1
71,72,86,90,1
71,72,6,1,1
71,72,62,44,1
71,72,112,58,1
71,72,94,109,1
71,72,74,114,1
71,72,13,111,1
72,73,25,110,1
72,73,98,101,1
72,73,68,113,1
72,73,118,107,1
72,73,0,33,1
72,73,67,93,1
72,73,61,50,1
72,73,69,84,1
73,74,66,57,1
73,74,18,82,1
73,74,110,56,1
73,74,33,0,1
73,74,106,19,1
73,74,72,85,1
73,74,60,11,1
73,74,31,104,1
74,75,22,50,1
74,75,39,51,1
74,75,61,50,1
74,75,72,55,1
74,75,15,4,1
74,75,29,102,1
74,75,109,37,1
74,75,71,12,1
75,76,4,9,1
75,76,78,54,1
75,76,22,67,1
75,76,115,15,1
75,76,82,18,1
75,76,106,19,1
75,76,70,117,1
75,76,31,104,1
76,77,29,60,1
76,77,90,86,1
76,77,111,54,1
76,77,95,25,1
76,77,29,102,1
76,77,84,23,1
76,77,61,80,1
76,77,71,12,1
77,78,116,90,1
77,78,29,34,1
77,78,109,58,1
77,78,29,60,1
77,78,39,10,1
77,78,103,62,1
77,78,8,3,1
77,78,84,57,1
78,79,118,22,1
78,79,1,109,1
78,79,5,57,1
78,79,39,97,1
78,79,22,58,1
78,79,45,58,1
78,79,61,8,1
78,79,32,39,1
79,80,112,13,1
79,80,105,15,1
79,80,115,15,1
79,80,68,22,1
79,80,62,44,1
79,80,62,103,1
79,80,43,10,1
79,80,95,86,1
80,81,40,44,1
80,81,19,61,1
80,81,101,95,1
80,81,32,111,1
80,81,35,104,1
80,81,95,118,1
80,81,59,104,1
80,81,51,115,1
81,82,5,26,1
81,82,49,17,1
81,82,92,116,1
81,82,114,118,1
81,82,115,51,1
81,82,13,111,1
81,82,29,102,1
81,82,10,13,1
82,83,67,84,1
82,83,83,111,1
82,83,112,85,1
82,83,111,32,1
82,83,118,71,1
82,83,13,54,1
82,83,109,58,1
82,83,14,94,1
83,84,26,39,1
83,84,27,37,1
83,84,57,93,1
83,84,15,105,1
83,84,6,84,1
83,84,41,36,1
83,84,82,14,1
83,84,15,97,1
84,85,3,109,1
84,85,115,1,1
84,85,65,31,1
84,85,39,51,1
84,85,67,1,1
84,85,102,71,1
84,85,95,25,1
84,85,3,8,1
85,86,60,21,1
85,86,101,91,1
85,86,107,92,1
85,86,86,90,1
85,86,45,109,1
85,86,56,79,1
85,86,28,84,1
85,86,5,26,1
86,87,113,1,1
86,87,43,10,1
86,87,99,87,1
86,87,118,22,1
86,87,87,2,1
86,87,84,6,1
86,87,67,84,1
86,87,68,113,1
87,88,83,1,1
87,88,43,56,1
87,88,80,96,1
87,88,115,15,1
87,88,19,106,1
87,88,94,62,1
87,88,39,97,1
87,88,45,68,1
88,89,72,82,1
88,89,90,9,1
88,89,77,12,1
88,89,84,8,1
88,89,72,85,1
88,89,36,41,1
88,89,90,9,1
88,89,54,78,1
89,90,22,68,1
89,90,9,4,1
89,90,111,54,1
89,90,118,114,1
89,90,86,8,1
89,90,92,19,1
89,90,104,35,1
89,90,79,14,1
90,91,67,22,1
90,91,28,109,1
90,91,68,84,1
90,91,68,22,1
90,91,29,112,1
90,91,101,21,1
90,91,47,111,1
90,91,102,29,1
91,92,67,22,1
91,92,97,112,1
91,92,113,56,1
91,92,56,43,1
91,92,112,97,1
91,92,19,13,1
91,92,87,111,1
91,92,43,73,1
92,93,66,57,1
92,93,7,101,1
92,93,117,55,1
92,93,21,60,1
92,93,14,64,1
92,93,111,97,1
92,93,45,90,1
92,93,25,1,1
93,94,84,105,1
93,94,46,84,1
93,94,14,82,1
93,94,48,18,1
93,94,94,13,1
93,94,15,115,1
93,94,50,61,1
93,94,118,22,1
94,95,44,40,1
94,95,72,55,1
94,95,6,111,1
94,95,79,46,1
94,95,22,50,1
94,95,102,71,1
94,95,102,71,1
94,95,41,36,1
95,96,114,118,1
95,96,19,39,1
95,96,67,22,1
95,96,119,60,1
95,96,48,18,1
95,96,86,8,1
95,96,32,39,1
95,96,25,1,1
96,97,54,57,1
96,97,112,34,1
96,97,90,83,1
96,97,85,72,1
96,97,84,9,1
96,97,87,111,1
96,97,77,12,1
96,97,84,105,1
97,98,109,37,1
97,98,111,54,1
97,98,90,45,1
97,98,93,67,1
97,98,39,51,1
97,98,105,84,1
97,98,90,83,1
97,98,87,111,1
98,99,114,113,1
98,99,23,84,1
98,99,81,36,1
98,99,91,101,1
98,99,8,39,1
98,99,90,116,1
98,99,84,28,1
98,99,12,71,1
99,100,55,117,1
99,100,118,107,1
99,100,60,101,1
99,100,49,17,1
99,100,78,110,1
99,100,8,48,1
99,100,71,13,1
99,100,48,18,1
100,101,12,28,1
100,101,110,56,1
100,101,101,98,1
100,101,43,73,1
100,101,4,9,1
100,101,29,60,1
100,101,8,61,1
100,101,83,90,1
101,102,90,45,1
101,102,84,57,1
101,102,54,6,1
101,102,119,60,1
101,102,9,84,1
101,102,88,54,1
101,102,22,50,1
101,102,13,10,1
102,103,99,47,1
102,103,1,109,1
102,103,107,114,1
102,103,94,62,1
102,103,51,39,1
102,103,112,85,1
102,103,51,115,1
102,103,84,23,1
103,104,48,8,1
103,104,100,27,1
103,104,6,86,1
103,104,2,87,1
103,104,106,2,1
103,104,17,33,1
103,104,106,19,1
103,104,31,65,1
104,105,84,69,1
104,105,101,95,1
104,105,50,80,1
104,105,22,45,1
104,105,22,68,1
104,105,57,84,1
104,105,101,60,1
104,105,14,64,1
105,106,119,60,1
105,106,26,51,1
105,106,86,6,1
105,106,54,88,1
105,106,94,13,1
105,106,10,39,1
105,106,97,29,1
105,106,1,17,1
106,107,95,101,1
106,107,27,100,1
106,107,69,84,1
106,107,1,79,1
106,107,7,73,1
106,107,111,50,1
106,107,105,15,1
106,107,31,65,1
107,108,6,1,1
107,108,84,68,1
107,108,64,14,1
107,108,107,92,1
107,108,28,109,1
107,108,22,118,1
107,108,35,104,1
107,108,86,90,1
108,109,67,113,1
108,109,110,78,1
108,109,22,28,1
108,109,94,13,1
108,109,46,79,1
108,109,8,48,1
108,109,109,3,1
108,109,68,86,1
109,110,60,29,1
109,110,90,116,1
109,110,22,28,1
109,110,85,112,1
109,110,86,68,1
109,110,45,109,1
109,110,72,82,1
109,110,77,24,1
110,111,97,15,1
110,111,60,119,1
110,111,101,21,1
110,111,87,111,1
110,111,46,79,1
110,111,2,90,1
110,111,104,59,1
110,111,114,94,1
111,112,22,58,1
111,112,62,94,1
111,112,16,38,1
111,112,107,118,1
111,112,119,105,1
111,112,19,13,1
111,112,14,64,1
111,112,26,51,1
112,113,28,22,1
112,113,45,109,1
112,113,118,95,1
112,113,106,2,1
112,113,17,49,1
112,113,98,101,1
112,113,103,62,1
112,113,65,25,1
113,114,25,110,1
113,114,111,47,1
113,114,80,16,1
113,114,19,102,1
113,114,97,39,1
113,114,101,60,1
113,114,57,66,1
113,114,111,83,1
114,115,38,81,1
114,115,73,43,1
114,115,97,112,1
114,115,88,54,1
114,115,94,62,1
114,115,49,1,1
114,115,54,13,1
114,115,5,26,1
115,116,29,34,1
115,116,116,86,1
115,116,39,97,1
115,116,54,84,1
115,116,6,41,1
115,116,55,117,1
115,116,0,23,1
115,116,34,29,1
116,117,86,107,1
116,117,14,64,1
116,117,77,24,1
116,117,73,7,1
116,117,48,18,1
116,117,85,107,1
116,117,39,51,1
116,117,66,28,1
117,118,24,77,1
117,118,78,58,1
117,118,19,92,1
117,118,19,102,1
117,118,56,110,1
117,118,27,100,1
117,118,61,19,1
117,118,114,107,1
118,119,52,14,1
118,119,90,83,1
118,119,50,80,1
118,119,84,8,1
118,119,45,109,1
118,119,9,84,1
118,119,84,105,1
118,119,59,104,1
119,120,6,84,1
119,120,38,16,1
119,120,12,77,1
119,120,114,74,1
119,120,49,17,1
119,120,78,110,1
119,120,116,112,1
119,120,58,45,1
120,121,111,54,1
120,121,80,50,1
120,121,85,112,1
120,121,62,44,1
120,121,28,66,1
120,121,45,68,1
120,121,15,92,1
120,121,48,74,1
121,122,34,12,1
121,122,101,91,1
121,122,91,101,1
121,122,6,28,1
121,122,82,18,1
121,122,22,50,1
121,122,45,58,1
121,122,94,114,1
122,123,92,15,1
122,123,26,5,1
122,123,61,50,1
122,123,74,114,1
122,123,13,19,1
122,123,99,53,1
122,123,40,44,1
122,123,114,94,1
123,124,83,1,1
123,124,79,1,1
123,124,54,84,1
123,124,87,39,1
123,124,34,29,1
123,124,16,38,1
123,124,53,99,1
123,124,94,62,1
124,125,109,28,1
124,125,29,85,1
124,125,115,15,1
124,125,26,5,1
124,125,16,38,1
124,125,9,84,1
124,125,34,112,1
124,125,1,79,1
125,126,92,15,1
125,126,50,22,1
125,126,62,94,1
125,126,111,97,1
125,126,7,101,1
125,126,9,4,1
125,126,115,1,1
125,126,89,15,1
126,127,101,7,1
126,127,11,60,1
126,127,27,100,1
126,127,1,64,1
126,127,67,22,1
126,127,87,111,1
126,127,95,86,1
126,127,56,85,1
127,128,28,12,1
127,128,73,43,1
127,128,10,13,1
127,128,62,94,1
127,128,13,71,1
127,128,8,61,1
127,128,72,82,1
127,128,1,49,1
128,129,87,2,1
128,129,17,49,1
128,129,54,6,1
128,129,87,111,1
128,129,25,95,1
128,129,84,69,1
128,129,19,92,1
128,129,56,110,1
129,130,33,106,1
129,130,109,1,1
129,130,2,57,1
129,130,104,35,1
129,130,101,21,1
129,130,51,26,1
129,130,14,64,1
129,130,101,21,1
130,131,116,92,1
130,131,118,22,1
130,131,1,17,1
130,131,84,6,1
130,131,99,53,1
130,131,96,80,1
130,131,13,54,1
130,131,17,49,1
131,132,15,97,1
131,132,43,56,1
131,132,88,54,1
131,132,44,62,1
131,132,118,107,1
131,132,91,101,1
131,132,13,54,1
131,132,65,70,1
132,133,94,13,1
132,133,115,51,1
132,133,42,6,1
132,133,39,97,1
132,133,106,33,1
132,133,9,84,1
132,133,13,19,1
132,133,71,102,1
133,134,84,57,1
133,134,86,6,1
133,134,37,81,1
133,134,28,109,1
133,134,10,13,1
133,134,6,111,1
133,134,95,118,1
133,134,39,26,1
134,135,92,58,1
134,135,80,61,1
134,135,71,73,1
134,135,32,2,1
134,135,22,67,1
134,135,57,93,1
134,135,51,39,1
134,135,94,62,1
135,136,115,15,1
135,136,57,54,1
135,136,8,48,1
135,136,97,112,1
135,136,101,98,1
135,136,114,113,1
135,136,106,2,1
135,136,12,77,1
136,137,88,54,1
136,137,107,118,1
136,137,27,37,1
136,137,12,34,1
136,137,23,0,1
136,137,2,106,1
136,137,6,84,1
136,137,79,56,1
137,138,67,22,1
137,138,117,70,1
137,138,13,54,1
137,138,90,18,1
137,138,47,111,1
137,138,3,109,1
137,138,12,71,1
137,138,86,116,1
138,139,2,57,1
138,139,68,45,1
138,139,105,15,1
138,139,112,85,1
138,139,41,6,1
138,139,107,118,1
138,139,71,118,1
138,139,96,80,1
139,140,64,14,1
139,140,79,46,1
139,140,13,61,1
139,140,48,8,1
139,140,111,47,1
139,140,19,39,1
139,140,85,29,1
139,140,23,0,1
140,141,22,58,1
140,141,22,50,1
140,141,13,61,1
140,141,15,97,1
140,141,8,84,1
140,141,86,116,1
140,141,116,86,1
140,141,111,6,1
141,142,61,8,1
141,142,109,58,1
141,142,94,114,1
141,142,98,101,1
141,142,39,97,1
141,142,45,90,1
141,142,22,118,1
141,142,64,1,1
142,143,94,14,1
142,143,13,54,1
142,143,38,16,1
142,143,71,118,1
142,143,109,37,1
142,143,22,50,1
142,143,114,107,1
142,143,109,1,1
143,144,2,87,1
143,144,6,42,1
143,144,1,49,1
143,144,79,56,1
143,144,26,51,1
143,144,99,53,1
143,144,39,93,1
143,144,25,1,1
144,145,39,10,1
144,145,104,31,1
144,145,84,6,1
144,145,111,87,1
144,145,39,8,1
144,145,107,85,1
144,145,92,116,1
144,145,43,10,1
145,146,40,44,1
145,146,97,111,1
145,146,118,18,1
145,146,39,97,1
145,146,50,61,1
145,146,22,67,1
145,146,66,57,1
145,146,56,43,1
146,147,60,11,1
146,147,115,1,1
146,147,93,67,1
146,147,22,118,1
146,147,11,60,1
146,147,1,113,1
146,147,22,13,1
146,147,119,105,1
147,148,18,90,1
147,148,86,6,1
147,148,61,80,1
147,148,113,56,1
147,148,90,18,1
147,148,37,81,1
147,148,68,84,1
147,148,54,57,1
148,149,99,53,1
148,149,80,16,1
148,149,33,0,1
148,149,118,95,1
148,149,94,14,1
148,149,109,3,1
148,149,59,104,1
148,149,71,73,1
149,150,12,118,1
149,150,16,80,1
149,150,1,6,1
149,150,15,97,1
149,150,13,22,1
149,150,113,68,1
149,150,113,68,1
149,150,58,45,1
150,151,107,114,1
150,151,79,56,1
150,151,68,86,1
150,151,8,84,1
150,151,53,99,1
150,151,112,85,1
150,151,53,99,1
150,151,6,41,1
151,152,54,111,1
151,152,19,102,1
151,152,99,47,1
151,152,30,62,1
151,152,47,99,1
151,152,43,10,1
151,152,22,28,1
151,152,60,21,1
152,153,26,39,1
152,153,116,112,1
152,153,10,13,1
152,153,71,12,1
152,153,114,107,1
152,153,59,1,1
152,153,71,13,1
152,153,35,104,1
153,154,54,88,1
153,154,39,19,1
153,154,71,102,1
153,154,78,58,1
153,154,15,97,1
153,154,86,8,1
153,154,74,48,1
153,154,71,13,1
154,155,58,109,1
154,155,71,13,1
154,155,14,52,1
154,155,57,93,1
154,155,13,94,1
154,155,13,112,1
154,155,2,57,1
154,155,51,39,1
155,156,13,19,1
155,156,13,54,1
155,156,105,84,1
155,156,67,22,1
155,156,9,37,1
155,156,53,99,1
155,156,12,71,1
155,156,27,37,1
156,157,19,106,1
156,157,115,1,1
156,157,71,102,1
156,157,72,85,1
156,157,19,39,1
156,157,14,52,1
156,157,95,101,1
156,157,12,28,1
157,158,15,115,1
157,158,107,114,1
157,158,14,64,1
157,158,13,22,1
157,158,12,71,1
157,158,8,28,1
157,158,48,18,1
157,158,34,29,1
158,159,46,84,1
158,159,36,81,1
158,159,15,115,1
158,159,77,12,1
158,159,54,57,1
158,159,49,1,1
158,159,38,16,1
158,159,92,58,1
159,160,79,46,1
159,160,90,116,1
159,160,109,94,1
159,160,61,19,1
159,160,86,95,1
159,160,68,22,1
159,160,63,113,1
159,160,8,84,1
160,161,6,1,1
160,161,65,70,1
160,161,18,82,1
160,161,13,111,1
160,161,109,3,1
160,161,118,114,1
160,161,84,69,1
160,161,2,90,1
161,162,33,17,1
161,162,10,43,1
161,162,1,64,1
161,162,42,6,1
161,162,66,57,1
161,162,58,109,1
161,162,59,104,1
161,162,27,100,1
162,163,102,83,1
162,163,13,94,1
162,163,118,22,1
162,163,95,86,1
162,163,66,28,1
162,163,17,49,1
162,163,29,34,1
162,163,6,111,1
163,164,112,29,1
163,164,15,92,1
163,164,97,29,1
163,164,6,42,1
163,164,90,2,1
163,164,66,57,1
163,164,105,15,1
163,164,81,36,1
164,165,57,2,1
164,165,44,62,1
164,165,44,40,1
164,165,82,14,1
164,165,6,111,1
164,165,14,94,1
164,165,38,16,1
164,165,22,68,1
165,166,105,119,1
165,166,76,87,1
165,166,94,13,1
165,166,115,1,1
165,166,22,67,1
165,166,3,109,1
165,166,41,36,1
165,166,102,83,1
166,167,41,36,1
166,167,39,51,1
166,167,22,13,1
166,167,83,90,1
166,167,84,23,1
166,167,26,39,1
166,167,29,85,1
166,167,78,54,1
167,168,104,31,1
167,168,6,111,1
167,168,71,118,1
167,168,109,94,1
167,168,1,113,1
167,168,79,56,1
167,168,28,6,1
167,168,41,36,1
168,169,34,47,1
168,169,84,46,1
168,169,43,56,1
168,169,101,91,1
168,169,6,1,1
168,169,118,107,1
168,169,45,68,1
168,169,19,92,1
169,170,114,94,1
169,170,29,97,1
169,170,5,57,1
169,170,114,118,1
169,170,90,18,1
169,170,112,58,1
169,170,46,84,1
169,170,1,67,1
170,171,22,50,1
170,171,80,61,1
170,171,99,47,1
170,171,83,90,1
170,171,12,28,1
170,171,105,15,1
170,171,12,28,1
170,171,48,74,1
171,172,62,30,1
171,172,89,15,1
171,172,110,25,1
171,172,87,76,1
171,172,14,94,1
171,172,9,37,1
171,172,94,62,1
171,172,62,103,1
172,173,13,112,1
172,173,118,114,1
172,173,112,85,1
172,173,97,112,1
172,173,110,25,1
172,173,87,39,1
172,173,94,14,1
172,173,67,1,1
173,174,60,21,1
173,174,112,29,1
173,174,35,110,1
173,174,34,12,1
173,174,22,67,1
173,174,13,71,1
173,174,111,13,1
173,174,74,114,1
174,175,118,95,1
174,175,31,104,1
174,175,60,101,1
174,175,95,118,1
174,175,66,28,1
174,175,44,62,1
174,175,19,61,1
174,175,90,18,1
175,176,83,102,1
175,176,93,67,1
175,176,12,118,1
175,176,70,117,1
175,176,9,84,1
175,176,98,101,1
175,176,97,112,1
175,176,32,2,1
176,177,13,94,1
176,177,36,41,1
176,177,29,60,1
176,177,37,109,1
176,177,27,37,1
176,177,22,45,1
176,177,90,2,1
176,177,29,60,1
177,178,9,37,1
177,178,50,80,1
177,178,92,19,1
177,178,113,114,1
177,178,28,84,1
177,178,2,32,1
177,178,84,67,1
177,178,109,28,1
178,179,95,86,1
178,179,32,111,1
178,179,66,28,1
178,179,102,19,1
178,179,33,17,1
178,179,115,15,1
178,179,16,38,1
178,179,110,25,1
