0,96
1,59
2,30
3,35
4,59
5,52
6,58
7,62
8,38
9,59
10,51
11,71
12,34
13,53
14,37
15,58
16,39
17,44
18,41
19,45
20,15
21,118
22,97
23,109
24,128
25,98
26,108
27,91
28,112
29,114
30,87
31,110
32,87
33,98
34,94
35,100
36,74
37,87
38,80
39,80
40,94
41,54
42,84
43,71
44,66
45,87
46,55
47,59
48,67
49,60
50,51
51,81
52,62
53,50
54,51
55,64
56,46
57,56
58,54
59,40
60,52
61,43
62,66
63,62
64,65
65,53
66,48
67,55
68,43
69,50
70,51
71,45
72,46
73,34
74,59
75,37
76,47
77,30
78,49
79,42
80,49
81,39
82,53
83,45
84,40
85,43
86,42
87,20
88,30
89,56
90,51
91,51
92,45
93,36
94,38
95,25
96,31
97,44
98,43
99,45
100,33
101,68
102,26
103,32
104,38
105,29
106,35
107,40
108,47
109,44
110,53
111,30
112,29
113,38
114,41
115,43
116,60
117,36
118,40
119,29
120,32
121,29
122,23
123,36
124,32
125,42
126,35
127,28
128,35
129,28
130,35
131,44
132,22
133,35
134,30
135,32
136,25
137,22
138,29
139,32
140,32
141,35
142,37
143,28
144,29
145,39
146,34
147,31
148,41
149,56
150,30
151,41
152,35
153,28
154,22
155,37
156,27
157,28
158,31
159,27
160,14
161,31
162,31
163,26
164,21
165,28
166,21
167,26
168,23
169,26
170,31
171,33
172,24
173,24
174,23
175,19
176,15
177,29
178,28
179,19
180,24
181,29
182,30
183,39
184,20
185,18
186,33
187,28
188,27
189,29
190,16
191,27
192,32
193,33
194,16
195,26
196,37
197,26
198,19
199,26
200,27
201,23
202,31
203,11
204,22
205,27
206,16
207,24
208,29
209,27
210,33
211,20
212,22
213,32
214,22
215,28
216,25
217,17
218,23
219,23
220,13
221,31
222,21
223,38
224,33
225,24
226,13
227,15
228,20
229,28
230,22
231,21
232,23
233,15
234,28
235,29
236,16
237,32
238,25
239,19
240,17
241,36
242,24
243,19
244,19
245,31
246,14
247,19
248,17
249,22
250,22
251,22
252,21
253,19
254,32
255,17
256,23
257,23
258,21
259,18
260,23
261,23
262,18
263,14
264,25
265,24
266,21
267,14
268,14
269,21
270,18
271,25
272,20
273,21
274,17
275,23
276,19
277,22
278,21
279,27
280,23
281,20
282,21
283,21
284,22
285,24
286,22
287,17
288,20
289,14
290,25
291,20
292,21
293,24
294,32
295,22
296,20
297,17
298,20
299,17
300,23
301,19
302,28
303,20
304,19
305,23
306,18
307,26
308,20
309,17
310,18
311,20
312,27
313,19
314,14
315,14
316,16
317,14
318,16
319,14
320,19
321,17
322,15
323,18
324,21
325,16
326,19
327,24
328,14
329,23
330,16
331,20
332,23
333,22
334,22
335,15
336,17
337,18
338,19
339,18
340,18
341,29
342,22
343,16
344,16
345,18
346,19
347,12
348,14
349,20
350,19
351,20
352,18
353,19
354,17
355,21
356,17
357,21
358,19
359,21
360,25
361,15
362,21
363,11
364,23
365,21
366,20
367,13
368,15
369,15
370,20
371,20
372,19
373,19
374,11
375,14
376,10
377,15
378,18
379,21
380,23
381,18
382,16
383,16
384,21
385,13
386,16
387,24
388,16
389,14
390,18
391,19
392,23
393,23
394,13
395,19
396,20
397,19
398,19
399,23
400,13
401,13
402,14
403,18
404,16
405,22
406,22
407,16
408,16
409,15
410,14
411,15
412,16
413,13
414,15
415,21
416,8
417,16
418,11
419,23
420,15
421,21
422,18
423,19
424,11
425,9
426,16
427,14
428,12
429,13
430,16
431,12
432,15
433,22
434,17
435,12
436,23
437,12
438,8
439,18
440,12
441,12
442,18
443,28
444,18
445,17
446,15
447,14
448,14
449,12
450,22
451,18
452,12
453,12
454,12
455,16
456,11
457,25
458,22
459,22
460,17
461,8
462,11
463,15
464,14
465,14
466,18
467,16
468,19
469,15
470,17
471,15
472,21
473,12
474,22
475,18
476,22
477,20
478,22
479,17
480,11
481,15
482,12
483,15
484,20
485,19
486,21
487,13
488,15
489,15
490,18
491,17
492,14
493,19
494,13
495,22
496,16
497,24
498,13
499,7
500,16
501,13
502,12
503,13
504,11
505,12
506,13
507,18
508,18
509,19
510,21
511,10
512,20
513,11
514,20
515,22
516,14
517,15
518,16
519,15
520,13
521,18
522,14
523,13
524,11
525,10
526,13
527,10
528,10
529,11
530,16
531,10
532,12
533,21
534,8
535,10
536,30
537,15
538,9
539,13
540,12
541,18
542,22
543,19
544,11
545,8
546,12
547,10
548,13
549,12
550,15
551,8
552,13
553,11
554,13
555,16
556,15
557,10
558,16
559,19
560,13
561,17
562,18
563,12
564,21
565,12
566,15
567,18
568,17
569,16
570,10
571,15
572,7
573,15
574,16
575,12
576,19
577,12
578,15
579,13
580,17
581,13
582,16
583,15
584,11
585,13
586,15
587,12
588,7
589,15
590,14
591,13
592,10
593,14
594,13
595,21
596,20
597,11
598,16
599,19
600,15
601,18
602,12
603,11
604,20
605,19
606,10
607,13
608,13
609,10
610,13
611,15
612,16
613,14
614,12
615,10
616,6
617,17
618,15
619,11
620,17
621,11
622,6
623,14
624,16
625,15
626,13
627,15
628,16
629,10
630,10
631,11
632,14
633,13
634,11
635,14
636,16
637,14
638,7
639,10
640,13
641,8
642,11
643,11
644,14
645,19
646,9
647,10
648,15
649,14
650,17
651,16
652,11
653,12
654,16
655,17
656,17
657,8
658,18
659,17
660,19
661,15
662,9
663,13
664,9
665,16
666,13
667,13
668,11
669,12
670,15
671,12
672,17
673,18
674,9
675,16
676,12
677,9
678,11
679,9
680,9
681,9
682,14
683,9
684,13
685,16
686,15
687,16
688,13
689,13
690,7
691,12
692,14
693,12
694,7
695,5
696,14
697,17
698,11
699,14
700,12
701,16
702,7
703,5
704,15
705,9
706,12
707,10
708,14
709,16
710,11
711,10
712,16
713,9
714,15
715,7
716,7
717,12
718,14
719,18
720,12
721,12
722,16
723,11
724,8
725,11
726,11
727,12
728,10
729,16
730,16
731,10
732,9
733,12
734,16
735,13
736,9
737,12
738,10
739,15
740,11
741,12
742,12
743,9
744,14
745,13
746,11
747,12
748,11
749,10
750,9
751,11
752,11
753,16
754,12
755,17
756,18
757,12
758,17
759,11
760,10
761,12
762,13
763,14
764,12
765,7
766,12
767,15
768,12
769,8
770,11
771,6
772,13
773,11
774,10
775,12
776,13
777,14
778,15
779,12
780,13
781,13
782,14
783,15
784,11
785,10
786,7
787,17
788,12
789,15
790,14
791,11
792,9
793,16
794,12
795,8
796,14
797,13
798,20
799,10
800,13
801,11
802,12
803,17
804,15
805,11
806,17
807,14
808,6
809,13
810,12
811,8
812,12
813,8
814,13
815,7
816,13
817,10
818,12
819,10
820,8
821,13
822,8
823,8
824,14
825,13
826,16
827,14
828,13
829,11
830,14
831,16
832,8
833,11
834,13
835,17
836,7
837,9
838,11
839,12
840,11
841,14
842,13
843,8
844,11
845,12
846,9
847,12
848,14
849,9
850,11
851,12
852,9
853,13
854,12
855,10
856,9
857,10
858,15
859,10
860,12
861,9
862,9
863,18
864,11
865,10
866,11
867,15
868,11
869,9
870,13
871,8
872,10
873,14
874,6
875,15
876,11
877,10
878,13
879,7
880,13
881,8
882,11
883,9
884,11
885,10
886,10
887,12
888,11
889,10
890,9
891,10
892,7
893,12
894,8
895,11
896,13
897,7
898,13
899,14
900,9
901,11
902,9
903,9
904,10
905,14
906,13
907,14
908,8
909,12
910,10
911,9
912,8
913,15
914,14
915,14
916,8
917,15
918,15
919,13
920,15
921,12
922,14
923,7
924,13
925,11
926,10
927,14
928,13
929,7
930,15
931,12
932,13
933,10
934,7
935,12
936,9
937,10
938,13
939,9
940,12
941,15
942,8
943,9
944,9
945,11
946,10
947,9
948,6
949,11
950,16
951,9
952,6
953,8
954,18
955,11
956,6
957,9
958,7
959,12
960,10
961,13
962,8
963,7
964,15
965,14
966,11
967,11
968,10
969,14
970,10
971,11
972,4
973,9
974,11
975,14
976,10
977,12
978,7
979,10
980,11
981,11
982,11
983,6
984,15
985,7
986,7
987,11
988,11
989,10
990,11
991,10
992,10
993,14
994,12
995,16
996,8
997,14
998,13
999,12
1000,12
1001,4
1002,9
1003,12
1004,12
1005,15
1006,11
1007,16
1008,8
1009,10
1010,7
1011,16
1012,11
1013,7
1014,12
1015,11
1016,12
1017,11
1018,9
1019,14
1020,11
1021,7
1022,8
1023,13
1024,10
1025,10
1026,11
1027,13
1028,14
1029,16
1030,6
1031,12
1032,11
1033,16
1034,6
1035,11
1036,13
1037,12
1038,11
1039,11
