0,80
1,84
2,50
3,82
4,68
5,112
6,88
7,100
8,60
9,52
10,48
11,74
12,54
13,50
14,56
15,54
16,86
17,88
18,62
19,46
20,66
21,70
22,92
23,72
24,46
25,96
26,108
27,86
28,62
29,60
30,44
31,52
32,88
33,58
34,62
35,80
36,56
37,70
38,50
39,40
40,62
41,72
42,42
43,58
44,70
45,74
46,78
47,50
48,72
49,70
50,66
51,94
52,32
53,64
54,106
55,52
56,86
57,68
58,52
59,88
60,88
61,68
62,52
63,46
64,82
65,86
66,74
67,70
68,64
69,58
70,48
71,88
72,58
73,60
74,62
75,28
76,78
77,72
78,78
79,66
80,104
81,78
82,58
83,56
84,72
85,86
86,106
87,58
88,68
89,100
90,70
91,48
92,66
93,62
94,44
95,46
96,66
97,74
98,98
99,94
100,68
101,32
102,52
103,60
104,52
105,48
106,82
107,76
108,78
109,54
110,42
111,102
112,90
113,94
114,84
115,62
116,28
117,96
118,54
119,76
120,22
121,54
122,50
123,44
124,60
125,58
126,54
127,72
128,80
129,34
130,80
131,94
132,34
133,86
134,58
135,66
136,40
137,66
138,28
139,82
140,82
141,78
142,64
143,100
144,58
145,96
146,72
147,54
148,104
149,78
150,54
151,88
152,32
153,92
154,68
155,50
156,92
157,90
158,64
159,78
160,56
161,70
162,42
163,84
164,20
165,78
166,50
167,80
168,72
169,70
170,104
171,44
172,52
173,56
174,76
175,84
176,64
177,54
178,42
179,60
180,94
181,68
182,74
183,52
184,96
185,60
186,70
187,60
188,104
189,84
190,78
191,90
192,40
193,74
194,68
195,64
196,64
197,46
198,44
199,68
200,50
201,42
202,48
203,64
204,50
205,66
206,64
207,100
208,40
209,76
210,72
211,44
212,58
213,46
214,36
215,86
216,58
217,42
218,80
219,34
220,110
221,72
222,72
223,58
224,52
225,106
226,50
227,38
228,82
229,60
230,62
231,80
232,66
233,96
234,66
235,64
236,56
237,88
238,58
239,86
240,50
241,76
242,68
243,80
244,82
245,66
246,62
247,106
248,40
249,84
250,58
251,58
252,56
253,90
254,36
255,90
256,84
257,56
258,64
259,58
260,128
261,72
262,70
263,42
264,50
265,102
266,60
267,18
268,94
269,48
270,138
271,76
272,92
273,78
274,82
275,64
276,58
277,70
278,80
279,84
280,40
281,88
282,38
283,70
284,92
285,96
286,42
287,32
288,54
289,58
290,34
291,38
292,82
293,88
294,48
295,56
296,80
297,88
298,86
299,72
300,62
301,76
302,96
303,100
304,68
305,96
306,62
307,84
308,70
309,70
310,54
311,72
312,78
313,92
314,36
315,104
316,72
317,100
318,82
319,56
320,72
321,98
322,52
323,80
324,62
325,86
326,46
327,108
328,46
329,56
330,76
331,42
332,60
333,86
334,92
335,84
336,56
337,72
338,84
339,88
340,92
341,50
342,82
343,96
344,78
345,68
346,76
347,56
348,62
349,34
350,52
351,74
352,72
353,58
354,70
355,56
356,68
357,76
358,42
359,56
360,72
361,100
362,68
363,58
364,86
365,84
366,72
367,66
368,76
369,72
370,74
371,88
372,74
373,86
374,74
375,54
376,64
377,96
378,64
379,56
380,84
381,68
382,62
383,52
384,76
385,110
386,64
387,72
388,90
389,84
390,56
391,60
392,26
393,50
394,56
395,52
396,34
397,40
398,52
399,52
400,78
401,74
402,50
403,68
404,62
405,58
406,62
407,64
408,94
409,60
410,36
411,54
412,84
413,48
414,78
415,82
416,40
417,66
418,80
419,52
420,68
421,76
422,38
423,32
424,58
425,90
426,94
427,68
428,88
429,58
430,60
431,56
432,76
433,44
434,84
435,68
436,90
437,96
438,90
439,74
440,84
441,52
442,86
443,64
444,64
445,72
446,72
447,42
448,56
449,42
450,80
451,94
452,48
453,88
454,92
455,56
456,106
457,52
458,48
459,122
460,76
461,42
462,80
463,106
464,64
465,76
466,66
467,58
468,90
469,68
470,76
471,88
472,108
473,68
474,60
475,60
476,104
477,42
478,42
479,56
480,58
481,80
482,48
483,76
484,78
485,48
486,64
487,66
488,50
489,74
490,76
491,68
492,72
493,76
494,88
495,66
496,94
497,64
498,34
499,76
500,72
501,64
502,90
503,74
504,56
505,72
506,98
507,82
508,80
509,50
510,98
511,88
512,76
513,94
514,74
515,88
516,72
517,72
518,86
519,80
520,60
521,60
522,56
523,34
524,82
525,74
526,50
527,70
528,44
529,76
530,70
531,68
532,30
533,94
534,58
535,70
536,62
537,74
538,40
539,40
540,52
541,92
542,84
543,74
544,60
545,66
546,68
547,96
548,74
549,90
550,48
551,90
552,40
553,70
554,30
555,100
556,78
557,82
558,68
559,64
560,68
561,84
562,58
563,86
564,62
565,80
566,104
567,58
568,62
569,80
570,106
571,64
572,84
573,42
574,64
575,68
576,94
577,98
578,74
579,104
580,86
581,88
582,54
583,36
584,76
585,48
586,80
587,72
588,58
589,74
590,52
591,70
592,76
593,68
594,74
595,52
596,88
597,58
598,76
599,94
600,50
601,50
602,108
603,80
604,52
605,42
606,70
607,68
608,66
609,86
610,90
611,50
612,54
613,50
614,82
615,88
616,78
617,64
618,94
619,84
620,88
621,64
622,54
623,68
624,56
625,20
626,46
627,76
628,92
629,76
630,36
631,58
632,42
633,56
634,68
635,60
636,78
637,104
638,84
639,60
640,56
641,70
642,48
643,64
644,80
645,74
646,36
647,52
648,74
649,34
650,60
651,88
652,54
653,64
654,80
655,56
656,92
657,48
658,88
659,32
660,76
661,54
662,76
663,56
664,52
665,90
666,80
667,76
668,90
669,98
670,84
671,70
672,66
673,56
674,80
675,42
676,88
677,72
678,84
679,70
680,76
681,98
682,70
683,56
684,102
685,88
686,52
687,70
688,56
689,66
690,74
691,62
692,74
693,64
694,86
695,70
696,60
697,46
698,68
699,38
700,30
701,72
702,92
703,56
704,46
705,56
706,48
707,66
708,96
709,42
710,76
711,96
712,76
713,56
714,38
715,110
716,92
717,52
718,110
719,60
720,52
721,74
722,62
723,36
724,98
725,54
726,98
727,64
728,42
729,60
730,78
731,78
732,80
733,44
734,66
735,60
736,74
737,70
738,88
739,94
740,56
741,60
742,78
743,62
744,60
745,44
746,56
747,84
748,56
749,30
750,66
751,70
752,74
753,28
754,70
755,78
756,94
757,36
758,52
759,84
760,78
761,62
762,62
763,86
764,60
765,70
766,60
767,52
768,58
769,66
770,90
771,62
772,34
773,58
774,66
775,84
776,90
777,96
778,92
779,80
780,88
781,74
782,56
783,60
784,50
785,62
786,86
787,40
788,86
789,52
790,90
791,48
792,72
793,66
794,50
795,56
796,72
797,46
798,80
799,52
800,88
801,102
802,86
803,74
804,72
805,72
806,52
807,78
808,54
809,50
810,46
811,72
812,48
813,28
814,108
815,52
816,82
817,72
818,72
819,88
820,70
821,82
822,92
823,62
824,50
825,84
826,92
827,80
828,30
829,44
830,72
831,94
832,90
833,74
834,16
835,56
836,50
837,88
838,72
839,72
840,56
841,66
842,42
843,56
844,74
845,54
846,54
847,66
848,66
849,84
850,70
851,90
852,80
853,66
854,78
855,78
856,88
857,36
858,90
859,66
860,72
861,88
862,42
863,90
864,68
865,90
866,36
867,66
868,52
869,44
870,48
871,62
872,50
873,54
874,90
875,92
876,72
877,90
878,72
879,58
880,74
881,46
882,36
883,86
884,90
885,88
886,78
887,70
888,66
889,84
890,90
891,54
892,98
893,86
894,78
895,92
896,72
897,36
898,62
899,66
900,68
901,40
902,84
903,54
904,84
905,56
906,50
907,56
908,58
909,64
910,92
911,72
912,58
913,44
914,40
915,62
916,86
917,50
918,78
919,60
920,74
921,82
922,86
923,94
924,48
925,36
926,78
927,32
928,76
929,74
930,96
931,78
932,92
933,42
934,68
935,68
936,70
937,52
938,58
939,62
940,64
941,86
942,34
943,80
944,80
945,58
946,74
947,44
948,42
949,40
950,72
951,56
952,64
953,50
954,72
955,42
956,64
957,60
958,52
959,56
960,100
961,30
962,78
963,58
964,24
965,76
966,106
967,46
968,84
969,52
970,100
971,76
972,86
973,84
974,92
975,34
976,54
977,44
978,46
979,78
980,58
981,66
982,74
983,66
984,74
985,86
986,64
987,76
988,44
989,70
990,86
991,58
992,76
993,82
994,68
995,82
996,68
997,90
998,78
999,78
1000,74
1001,66
1002,76
1003,78
1004,36
1005,76
1006,78
1007,30
1008,74
1009,48
1010,80
1011,56
1012,64
1013,72
1014,86
1015,52
1016,92
1017,88
1018,54
1019,46
1020,88
1021,96
1022,54
1023,80
1024,76
1025,82
1026,48
1027,76
1028,52
1029,70
1030,68
1031,98
1032,86
1033,68
1034,78
1035,66
1036,30
1037,76
1038,80
1039,84
