30,11,0,1
56,85,0,1
92,16,0,1
80,15,0,1
94,8,0,1
6,25,0,1
3,98,0,1
102,28,0,1
109,59,1,1
108,59,1,1
27,88,1,1
61,51,1,1
38,103,1,1
72,31,1,1
59,108,1,1
63,118,1,1
62,49,2,1
47,102,2,1
48,75,2,1
54,18,2,1
33,55,2,1
42,78,2,1
74,53,2,1
58,5,2,1
17,36,3,1
115,108,3,1
105,8,3,1
50,73,3,1
102,97,3,1
51,61,3,1
103,38,3,1
20,74,3,1
92,90,4,1
57,70,4,1
75,64,4,1
32,77,4,1
112,118,4,1
118,63,4,1
95,92,4,1
100,43,4,1
13,57,5,1
30,114,5,1
69,63,5,1
54,67,5,1
57,19,5,1
89,46,5,1
100,95,5,1
57,65,5,1
65,26,6,1
36,17,6,1
90,19,6,1
47,27,6,1
118,112,6,1
28,110,6,1
74,53,6,1
41,72,6,1
16,92,7,1
33,80,7,1
117,87,7,1
30,11,7,1
110,31,7,1
80,29,7,1
77,22,7,1
20,74,7,1
48,12,8,1
110,26,8,1
3,112,8,1
94,10,8,1
2,80,8,1
15,55,8,1
107,20,8,1
101,44,8,1
90,69,9,1
42,38,9,1
109,113,9,1
112,118,9,1
46,36,9,1
41,46,9,1
35,89,9,1
64,75,9,1
109,59,10,1
72,49,10,1
40,37,10,1
91,60,10,1
41,46,10,1
26,34,10,1
80,29,10,1
48,61,10,1
115,28,11,1
107,20,11,1
65,99,11,1
37,110,11,1
117,18,11,1
114,30,11,1
19,90,11,1
63,69,11,1
83,76,12,1
7,6,12,1
49,72,12,1
18,13,12,1
1,50,12,1
82,14,12,1
83,25,12,1
34,26,12,1
72,41,13,1
6,7,13,1
115,110,13,1
80,2,13,1
3,112,13,1
3,89,13,1
45,85,13,1
33,55,13,1
89,46,14,1
57,117,14,1
38,42,14,1
106,12,14,1
105,8,14,1
48,93,14,1
112,93,14,1
89,35,14,1
101,69,15,1
70,10,15,1
7,58,15,1
66,21,15,1
36,29,15,1
92,16,15,1
110,52,15,1
90,16,15,1
48,61,16,1
58,103,16,1
27,49,16,1
8,54,16,1
4,85,16,1
118,112,16,1
115,110,16,1
44,101,16,1
99,104,17,1
12,93,17,1
55,11,17,1
109,15,17,1
89,26,17,1
86,94,17,1
64,76,17,1
36,119,17,1
86,79,18,1
18,117,18,1
0,40,18,1
40,59,18,1
84,24,18,1
119,36,18,1
62,72,18,1
107,53,18,1
22,6,19,1
23,70,19,1
108,95,19,1
84,42,19,1
46,36,19,1
111,54,19,1
88,100,19,1
93,12,19,1
38,70,20,1
103,10,20,1
85,4,20,1
6,25,20,1
16,90,20,1
95,108,20,1
65,26,20,1
21,66,20,1
54,18,21,1
99,100,21,1
57,72,21,1
100,88,21,1
104,21,21,1
97,66,21,1
44,101,21,1
34,21,21,1
48,93,22,1
18,13,22,1
88,27,22,1
29,36,22,1
48,75,22,1
55,30,22,1
24,8,22,1
48,12,22,1
95,26,23,1
100,43,23,1
95,92,23,1
72,41,23,1
4,61,23,1
36,40,23,1
105,91,23,1
58,5,23,1
31,110,24,1
80,15,24,1
1,50,24,1
15,55,24,1
97,66,24,1
58,5,24,1
46,89,24,1
40,36,24,1
65,99,25,1
103,84,25,1
99,104,25,1
29,80,25,1
97,102,25,1
20,107,25,1
10,84,25,1
103,38,25,1
94,10,26,1
41,80,26,1
26,75,26,1
53,102,26,1
86,94,26,1
17,95,26,1
76,64,26,1
70,10,26,1
110,115,27,1
57,19,27,1
37,40,27,1
79,86,27,1
102,54,27,1
117,18,27,1
46,41,27,1
21,22,27,1
102,47,28,1
63,69,28,1
35,119,28,1
57,13,28,1
23,70,28,1
70,10,28,1
94,8,28,1
92,90,28,1
103,10,29,1
41,2,29,1
53,74,29,1
98,80,29,1
118,112,29,1
72,31,29,1
10,84,29,1
31,44,29,1
80,15,30,1
24,8,30,1
64,76,30,1
80,29,30,1
85,56,30,1
38,70,30,1
53,102,30,1
69,63,30,1
27,47,31,1
45,85,31,1
83,76,31,1
84,10,31,1
95,108,31,1
95,108,31,1
74,20,31,1
64,107,31,1
42,84,32,1
55,27,32,1
36,6,32,1
117,18,32,1
51,61,32,1
57,19,32,1
109,113,32,1
14,82,32,1
44,31,33,1
103,38,33,1
40,36,33,1
112,118,33,1
97,66,33,1
69,63,33,1
22,21,33,1
13,18,33,1
15,80,34,1
99,65,34,1
6,119,34,1
118,63,34,1
35,89,34,1
29,36,34,1
6,36,34,1
19,89,34,1
113,37,35,1
104,77,35,1
115,108,35,1
15,109,35,1
27,13,35,1
90,92,35,1
90,19,35,1
37,113,35,1
105,91,36,1
11,55,36,1
73,50,36,1
92,16,36,1
89,35,36,1
7,10,36,1
95,26,36,1
36,17,36,1
65,26,37,1
78,91,37,1
24,84,37,1
30,114,37,1
70,57,37,1
8,54,37,1
21,94,37,1
32,77,37,1
53,74,38,1
92,95,38,1
88,100,38,1
47,100,38,1
29,99,38,1
19,56,38,1
19,56,38,1
44,31,38,1
107,64,39,1
20,74,39,1
8,105,39,1
61,48,39,1
26,75,39,1
74,55,39,1
118,112,39,1
119,35,39,1
12,92,40,1
97,66,40,1
19,57,40,1
77,32,40,1
13,18,40,1
10,7,40,1
38,70,40,1
14,82,40,1
99,100,41,1
61,48,41,1
12,93,41,1
98,3,41,1
115,110,41,1
44,40,41,1
2,80,41,1
110,31,41,1
62,49,42,1
70,57,42,1
61,51,42,1
27,88,42,1
45,58,42,1
50,73,42,1
26,34,42,1
108,115,42,1
101,2,43,1
90,16,43,1
29,99,43,1
55,74,43,1
40,44,43,1
80,2,43,1
65,57,43,1
4,42,43,1
89,35,44,1
49,27,44,1
34,21,44,1
59,40,44,1
119,6,44,1
70,18,44,1
23,70,44,1
4,42,44,1
94,56,45,1
28,102,45,1
84,10,45,1
54,8,45,1
115,108,45,1
102,47,45,1
55,15,45,1
10,42,45,1
83,76,46,1
10,38,46,1
48,12,46,1
0,40,46,1
80,29,46,1
88,100,46,1
57,19,46,1
53,107,46,1
77,32,47,1
102,54,47,1
18,13,47,1
107,53,47,1
13,54,47,1
8,54,47,1
56,94,47,1
4,42,47,1
4,42,48,1
70,18,48,1
45,58,48,1
43,95,48,1
70,23,48,1
40,37,48,1
110,52,48,1
26,34,48,1
76,64,49,1
119,6,49,1
95,92,49,1
36,40,49,1
26,89,49,1
91,78,49,1
28,110,49,1
37,40,49,1
6,36,50,1
4,61,50,1
110,28,50,1
16,92,50,1
88,27,50,1
4,85,50,1
75,64,50,1
26,89,50,1
21,66,51,1
91,105,51,1
22,21,51,1
3,112,51,1
92,9,51,1
74,55,51,1
33,2,51,1
118,35,51,1
63,69,52,1
45,103,52,1
94,21,52,1
94,21,52,1
35,118,52,1
45,85,52,1
50,73,52,1
112,3,52,1
13,56,53,1
26,65,53,1
23,70,53,1
0,40,53,1
106,12,53,1
11,74,53,1
8,54,53,1
54,8,53,1
58,103,54,1
104,99,54,1
80,2,54,1
31,110,54,1
28,102,54,1
59,1,54,1
93,12,54,1
80,15,54,1
10,7,55,1
115,108,55,1
90,19,55,1
70,57,55,1
35,89,55,1
4,42,55,1
40,36,55,1
10,84,55,1
84,103,56,1
26,34,56,1
77,22,56,1
112,3,56,1
95,43,56,1
103,58,56,1
7,10,56,1
38,103,56,1
55,11,57,1
76,83,57,1
41,46,57,1
100,43,57,1
19,56,57,1
45,85,57,1
64,76,57,1
62,14,57,1
66,21,58,1
24,8,58,1
97,66,58,1
55,11,58,1
2,101,58,1
102,53,58,1
58,5,58,1
69,90,58,1
62,72,59,1
12,48,59,1
89,3,59,1
28,109,59,1
33,55,59,1
97,102,59,1
15,55,59,1
95,43,59,1
39,51,60,1
101,2,60,1
61,48,60,1
57,13,60,1
103,70,60,1
56,81,60,1
56,13,60,1
103,84,60,1
27,49,61,1
23,70,61,1
10,38,61,1
76,83,61,1
14,41,61,1
109,69,61,1
13,27,61,1
45,103,61,1
109,15,62,1
69,72,62,1
109,113,62,1
13,54,62,1
91,60,62,1
61,48,62,1
11,55,62,1
95,100,62,1
72,41,63,1
20,107,63,1
110,52,63,1
26,61,63,1
88,27,63,1
70,57,63,1
84,42,63,1
0,40,63,1
45,10,64,1
95,17,64,1
46,89,64,1
84,103,64,1
25,83,64,1
41,46,64,1
93,48,64,1
72,62,64,1
3,112,65,1
102,97,65,1
20,107,65,1
113,37,65,1
85,45,65,1
46,41,65,1
38,70,65,1
74,11,65,1
64,95,66,1
54,18,66,1
34,21,66,1
66,21,66,1
99,65,66,1
42,10,66,1
61,51,66,1
102,54,66,1
49,72,67,1
41,14,67,1
41,14,67,1
118,112,67,1
26,61,67,1
89,19,67,1
38,70,67,1
111,54,67,1
101,2,68,1
98,51,68,1
67,54,68,1
30,114,68,1
24,84,68,1
109,59,68,1
59,108,68,1
54,102,68,1
28,109,69,1
104,21,69,1
65,26,69,1
94,56,69,1
26,75,69,1
26,95,69,1
58,7,69,1
15,55,69,1
57,72,70,1
9,92,70,1
80,29,70,1
24,84,70,1
30,114,70,1
31,110,70,1
33,2,70,1
6,36,70,1
30,2,71,1
26,65,71,1
33,2,71,1
75,48,71,1
18,70,71,1
103,70,71,1
65,26,71,1
90,92,71,1
84,103,72,1
19,57,72,1
51,98,72,1
44,101,72,1
72,57,72,1
80,15,72,1
55,27,72,1
65,99,72,1
80,41,73,1
54,111,73,1
14,82,73,1
58,5,73,1
6,36,73,1
10,45,73,1
28,110,73,1
78,42,73,1
74,55,74,1
92,90,74,1
18,117,74,1
54,18,74,1
41,2,74,1
103,70,74,1
68,63,74,1
33,55,74,1
77,104,75,1
95,92,75,1
29,36,75,1
20,107,75,1
56,94,75,1
102,53,75,1
65,99,75,1
41,2,75,1
16,92,76,1
99,29,76,1
91,105,76,1
36,40,76,1
38,70,76,1
119,6,76,1
63,69,76,1
62,49,76,1
112,118,77,1
45,103,77,1
27,88,77,1
102,47,77,1
57,117,77,1
73,50,77,1
5,35,77,1
72,41,77,1
30,11,78,1
14,41,78,1
44,101,78,1
47,102,78,1
119,6,78,1
112,3,78,1
86,79,78,1
59,1,78,1
6,36,79,1
65,26,79,1
2,101,79,1
77,22,79,1
62,14,79,1
61,26,79,1
15,55,79,1
84,42,79,1
29,99,80,1
62,86,80,1
101,69,80,1
58,7,80,1
106,31,80,1
58,103,80,1
55,11,80,1
22,77,80,1
30,114,81,1
19,90,81,1
57,19,81,1
85,4,81,1
112,3,81,1
80,41,81,1
12,93,81,1
111,117,81,1
119,6,82,1
46,35,82,1
91,60,82,1
36,119,82,1
100,95,82,1
110,31,82,1
31,72,82,1
26,61,82,1
44,40,83,1
29,99,83,1
52,75,83,1
56,94,83,1
92,12,83,1
101,69,83,1
72,62,83,1
37,113,83,1
18,117,84,1
110,115,84,1
27,55,84,1
73,59,84,1
118,63,84,1
37,40,84,1
112,93,84,1
75,48,84,1
23,70,85,1
86,62,85,1
99,33,85,1
31,72,85,1
29,80,85,1
35,5,85,1
26,110,85,1
69,101,85,1
49,62,86,1
69,63,86,1
3,112,86,1
110,26,86,1
89,19,86,1
107,53,86,1
105,8,86,1
59,108,86,1
101,44,87,1
89,35,87,1
4,42,87,1
20,107,87,1
93,48,87,1
55,33,87,1
24,8,87,1
57,65,87,1
63,118,88,1
28,109,88,1
6,25,88,1
33,55,88,1
68,63,88,1
29,46,88,1
21,22,88,1
108,95,88,1
99,65,89,1
72,62,89,1
54,13,89,1
1,50,89,1
64,95,89,1
62,49,89,1
61,26,89,1
41,2,89,1
95,17,90,1
64,75,90,1
26,65,90,1
100,99,90,1
43,95,90,1
72,69,90,1
119,35,90,1
78,103,90,1
35,119,91,1
104,77,91,1
93,112,91,1
69,101,91,1
12,106,91,1
117,57,91,1
57,70,91,1
42,78,91,1
100,88,92,1
3,112,92,1
42,10,92,1
19,90,92,1
5,35,92,1
89,3,92,1
33,2,92,1
115,108,92,1
119,6,93,1
56,94,93,1
95,108,93,1
55,30,93,1
20,74,93,1
48,12,93,1
78,91,93,1
61,48,93,1
70,18,94,1
36,119,94,1
50,73,94,1
84,24,94,1
98,3,94,1
89,19,94,1
35,46,94,1
44,40,94,1
103,84,95,1
53,102,95,1
107,64,95,1
11,55,95,1
72,62,95,1
107,53,95,1
90,2,95,1
61,48,95,1
112,3,96,1
41,46,96,1
56,94,96,1
94,21,96,1
69,72,96,1
70,57,96,1
29,33,96,1
46,35,96,1
55,27,97,1
42,10,97,1
102,28,97,1
76,83,97,1
64,107,97,1
115,110,97,1
102,53,97,1
58,45,97,1
15,55,98,1
10,103,98,1
85,45,98,1
99,100,98,1
110,31,98,1
26,75,98,1
45,103,98,1
95,17,98,1
41,80,99,1
74,11,99,1
109,59,99,1
44,101,99,1
10,38,99,1
2,80,99,1
70,103,99,1
46,89,99,1
13,56,100,1
56,13,100,1
110,37,100,1
106,12,100,1
42,78,100,1
76,64,100,1
58,45,100,1
51,98,100,1
70,38,101,1
108,95,101,1
70,23,101,1
78,42,101,1
80,98,101,1
94,86,101,1
10,94,101,1
40,36,101,1
64,76,102,1
59,73,102,1
101,2,102,1
95,100,102,1
70,38,102,1
29,99,102,1
36,40,102,1
14,82,102,1
73,59,103,1
48,12,103,1
100,47,103,1
69,101,103,1
26,89,103,1
54,111,103,1
86,79,103,1
41,14,103,1
70,23,104,1
10,84,104,1
41,46,104,1
84,24,104,1
2,90,104,1
118,35,104,1
14,82,104,1
85,4,104,1
75,48,105,1
13,54,105,1
76,83,105,1
61,4,105,1
62,14,105,1
64,95,105,1
10,103,105,1
88,100,105,1
6,25,106,1
59,108,106,1
42,4,106,1
51,98,106,1
43,100,106,1
61,41,106,1
38,70,106,1
41,80,106,1
14,82,107,1
93,112,107,1
59,73,107,1
58,103,107,1
107,53,107,1
88,100,107,1
80,98,107,1
98,80,107,1
47,100,108,1
48,93,108,1
86,94,108,1
48,75,108,1
31,110,108,1
3,89,108,1
119,6,108,1
6,36,108,1
70,33,109,1
91,105,109,1
97,102,109,1
41,61,109,1
12,48,109,1
104,77,109,1
56,13,109,1
38,103,109,1
107,20,110,1
46,29,110,1
15,55,110,1
80,41,110,1
1,59,110,1
40,36,110,1
46,35,110,1
119,35,110,1
18,70,111,1
70,10,111,1
21,34,111,1
72,41,111,1
41,14,111,1
45,85,111,1
53,102,111,1
110,37,111,1
0,40,112,1
40,59,112,1
33,2,112,1
78,42,112,1
102,54,112,1
108,59,112,1
84,24,112,1
10,7,112,1
35,118,113,1
100,43,113,1
107,20,113,1
38,42,113,1
114,30,113,1
94,86,113,1
35,5,113,1
5,35,113,1
15,55,114,1
100,99,114,1
77,104,114,1
57,117,114,1
110,31,114,1
61,48,114,1
104,21,114,1
18,117,114,1
24,84,115,1
36,40,115,1
70,23,115,1
118,35,115,1
3,89,115,1
94,86,115,1
84,24,115,1
64,76,115,1
33,80,116,1
64,107,116,1
83,76,116,1
108,59,116,1
7,10,116,1
90,2,116,1
91,105,116,1
23,70,116,1
53,107,117,1
103,78,117,1
69,101,117,1
28,109,117,1
73,50,117,1
54,111,117,1
13,56,117,1
24,8,117,1
80,41,118,1
62,14,118,1
21,66,118,1
29,99,118,1
86,79,118,1
11,74,118,1
95,64,118,1
106,31,118,1
45,58,119,1
61,51,119,1
90,2,119,1
1,59,119,1
55,11,119,1
63,69,119,1
70,33,119,1
33,70,119,1
13,54,120,1
92,16,120,1
29,46,120,1
103,84,120,1
92,95,120,1
57,117,120,1
46,36,120,1
85,45,120,1
21,66,121,1
15,109,121,1
110,52,121,1
98,3,121,1
54,13,121,1
95,92,121,1
11,74,121,1
72,69,121,1
63,118,122,1
63,69,122,1
49,62,122,1
60,91,122,1
94,8,122,1
69,90,122,1
33,29,122,1
75,52,122,1
27,13,123,1
103,70,123,1
77,104,123,1
115,108,123,1
99,100,123,1
65,57,123,1
41,80,123,1
93,48,123,1
117,57,124,1
29,33,124,1
80,2,124,1
77,104,124,1
12,48,124,1
90,19,124,1
11,30,124,1
15,80,124,1
70,10,125,1
110,37,125,1
77,22,125,1
65,26,125,1
101,69,125,1
21,94,125,1
94,10,125,1
21,34,125,1
77,32,126,1
98,51,126,1
99,33,126,1
64,95,126,1
79,86,126,1
55,33,126,1
100,95,126,1
2,80,126,1
61,51,127,1
42,10,127,1
112,3,127,1
111,117,127,1
99,100,127,1
22,21,127,1
36,6,127,1
19,90,127,1
47,27,128,1
82,14,128,1
37,113,128,1
22,21,128,1
56,85,128,1
69,72,128,1
88,27,128,1
72,69,128,1
92,16,129,1
74,53,129,1
118,63,129,1
13,18,129,1
100,99,129,1
95,17,129,1
84,103,129,1
17,95,129,1
27,13,130,1
59,40,130,1
50,1,130,1
98,3,130,1
46,41,130,1
103,78,130,1
36,29,130,1
113,109,130,1
48,75,131,1
61,41,131,1
66,21,131,1
98,3,131,1
25,83,131,1
30,2,131,1
64,95,131,1
46,41,131,1
1,59,132,1
103,78,132,1
53,107,132,1
6,25,132,1
37,113,132,1
37,113,132,1
65,26,132,1
99,100,132,1
104,77,133,1
88,27,133,1
72,49,133,1
2,41,133,1
117,87,133,1
5,35,133,1
68,63,133,1
26,89,133,1
45,85,134,1
27,47,134,1
69,101,134,1
18,54,134,1
10,45,134,1
54,67,134,1
29,33,134,1
7,58,134,1
27,88,135,1
33,70,135,1
92,9,135,1
57,19,135,1
10,84,135,1
34,26,135,1
119,35,135,1
41,46,135,1
73,50,136,1
35,89,136,1
33,99,136,1
63,69,136,1
2,30,136,1
61,26,136,1
4,85,136,1
67,54,136,1
86,79,137,1
26,89,137,1
54,111,137,1
29,46,137,1
55,30,137,1
65,26,137,1
25,6,137,1
42,4,137,1
26,89,138,1
27,88,138,1
106,31,138,1
77,104,138,1
70,38,138,1
99,100,138,1
57,13,138,1
100,43,138,1
2,80,139,1
103,45,139,1
38,10,139,1
61,26,139,1
113,109,139,1
41,61,139,1
49,72,139,1
91,78,139,1
110,28,140,1
97,66,140,1
21,22,140,1
26,75,140,1
4,61,140,1
55,15,140,1
41,80,140,1
37,113,140,1
27,49,141,1
102,53,141,1
102,97,141,1
27,13,141,1
57,19,141,1
85,45,141,1
44,101,141,1
5,58,141,1
80,29,142,1
73,50,142,1
21,66,142,1
47,100,142,1
5,35,142,1
4,42,142,1
89,35,142,1
109,69,142,1
25,6,143,1
58,45,143,1
64,95,143,1
63,118,143,1
27,55,143,1
110,115,143,1
86,79,143,1
8,105,143,1
68,63,144,1
25,6,144,1
58,5,144,1
113,109,144,1
94,86,144,1
70,103,144,1
35,89,144,1
28,102,144,1
75,52,145,1
58,7,145,1
107,20,145,1
46,35,145,1
12,106,145,1
34,21,145,1
16,92,145,1
94,86,145,1
62,86,146,1
99,29,146,1
28,110,146,1
104,77,146,1
78,91,146,1
13,56,146,1
83,76,146,1
61,48,146,1
18,117,147,1
41,14,147,1
7,58,147,1
90,69,147,1
41,61,147,1
25,6,147,1
21,104,147,1
0,40,147,1
20,107,148,1
40,0,148,1
26,61,148,1
115,28,148,1
16,92,148,1
17,95,148,1
91,60,148,1
75,48,148,1
108,95,149,1
103,10,149,1
40,37,149,1
50,73,149,1
32,77,149,1
2,101,149,1
40,37,149,1
85,4,149,1
63,118,150,1
29,80,150,1
50,1,150,1
13,54,150,1
42,38,150,1
6,7,150,1
93,112,150,1
84,10,150,1
93,48,151,1
86,94,151,1
37,40,151,1
92,95,151,1
53,74,151,1
12,48,151,1
42,84,151,1
80,41,151,1
64,76,152,1
85,45,152,1
57,117,152,1
115,28,152,1
95,100,152,1
13,57,152,1
75,52,152,1
118,63,152,1
75,48,153,1
92,95,153,1
49,62,153,1
77,104,153,1
40,36,153,1
89,35,153,1
53,107,153,1
102,53,153,1
103,38,154,1
26,75,154,1
37,40,154,1
92,95,154,1
78,91,154,1
31,106,154,1
70,38,154,1
92,9,154,1
58,45,155,1
112,118,155,1
70,10,155,1
50,1,155,1
16,92,155,1
51,98,155,1
17,95,155,1
48,61,155,1
36,119,156,1
90,2,156,1
61,41,156,1
30,2,156,1
105,8,156,1
48,75,156,1
95,108,156,1
77,104,156,1
22,21,157,1
104,21,157,1
102,97,157,1
80,33,157,1
64,107,157,1
12,106,157,1
36,6,157,1
93,12,157,1
75,52,158,1
69,27,158,1
92,12,158,1
13,27,158,1
85,4,158,1
8,105,158,1
21,66,158,1
115,108,158,1
57,19,159,1
95,100,159,1
90,2,159,1
94,10,159,1
33,70,159,1
55,33,159,1
70,33,159,1
110,37,159,1
33,55,160,1
47,102,160,1
95,26,160,1
26,65,160,1
56,81,160,1
23,70,160,1
22,21,160,1
55,27,160,1
78,103,161,1
74,11,161,1
19,56,161,1
102,53,161,1
38,10,161,1
90,92,161,1
28,109,161,1
80,15,161,1
69,72,162,1
21,34,162,1
30,114,162,1
27,69,162,1
37,113,162,1
1,59,162,1
38,42,162,1
60,91,162,1
89,19,163,1
94,21,163,1
108,115,163,1
54,8,163,1
38,70,163,1
56,85,163,1
59,1,163,1
54,8,163,1
80,15,164,1
12,48,164,1
86,62,164,1
111,117,164,1
19,57,164,1
72,69,164,1
47,102,164,1
51,98,164,1
64,95,165,1
90,2,165,1
43,100,165,1
25,83,165,1
113,37,165,1
74,55,165,1
86,62,165,1
50,73,165,1
26,110,166,1
101,2,166,1
94,21,166,1
10,42,166,1
84,10,166,1
61,41,166,1
57,70,166,1
25,6,166,1
49,27,167,1
39,51,167,1
56,81,167,1
48,75,167,1
94,8,167,1
8,24,167,1
55,74,167,1
55,11,167,1
56,81,168,1
90,92,168,1
76,83,168,1
67,54,168,1
59,40,168,1
103,10,168,1
30,55,168,1
85,45,168,1
22,21,169,1
73,59,169,1
35,118,169,1
98,80,169,1
112,118,169,1
20,74,169,1
10,84,169,1
64,75,169,1
90,16,170,1
44,31,170,1
13,18,170,1
27,88,170,1
92,12,170,1
35,46,170,1
37,113,170,1
60,91,170,1
21,22,171,1
41,2,171,1
83,25,171,1
6,119,171,1
91,78,171,1
50,73,171,1
107,20,171,1
7,6,171,1
13,18,172,1
4,42,172,1
18,13,172,1
54,111,172,1
69,90,172,1
45,58,172,1
27,55,172,1
5,35,172,1
65,57,173,1
40,36,173,1
110,28,173,1
8,24,173,1
62,49,173,1
58,45,173,1
16,92,173,1
103,45,173,1
47,27,174,1
41,72,174,1
13,27,174,1
99,100,174,1
99,29,174,1
36,17,174,1
40,37,174,1
42,10,174,1
44,40,175,1
80,41,175,1
112,3,175,1
94,86,175,1
38,70,175,1
33,55,175,1
41,80,175,1
63,69,175,1
2,30,176,1
56,19,176,1
70,38,176,1
70,38,176,1
60,91,176,1
35,5,176,1
69,27,176,1
97,102,176,1
18,54,177,1
62,49,177,1
114,30,177,1
73,50,177,1
92,95,177,1
75,26,177,1
41,80,177,1
62,86,177,1
80,15,178,1
41,61,178,1
119,6,178,1
28,109,178,1
15,55,178,1
41,72,178,1
51,61,178,1
107,20,178,1
75,48,179,1
62,72,179,1
36,119,179,1
38,42,179,1
26,34,179,1
6,22,179,1
73,59,179,1
109,59,179,1
