0,114
1,53
2,18
3,37
4,65
5,56
6,32
7,39
8,41
9,55
10,66
11,11
12,39
13,82
14,56
15,60
16,54
17,51
18,49
19,60
20,67
21,126
22,134
23,86
24,107
25,117
26,92
27,89
28,95
29,95
30,101
31,76
32,62
33,83
34,75
35,74
36,86
37,64
38,84
39,76
40,84
41,93
42,75
43,71
44,67
45,68
46,51
47,53
48,64
49,81
50,63
51,58
52,62
53,74
54,66
55,65
56,58
57,51
58,47
59,67
60,52
61,62
62,47
63,60
64,40
65,48
66,57
67,50
68,29
69,39
70,28
71,45
72,42
73,39
74,35
75,50
76,76
77,59
78,33
79,33
80,49
81,32
82,58
83,61
84,41
85,72
86,37
87,36
88,46
89,38
90,42
91,51
92,50
93,47
94,35
95,38
96,38
97,38
98,44
99,46
100,41
101,29
102,30
103,37
104,31
105,18
106,30
107,43
108,52
109,43
110,23
111,32
112,32
113,33
114,47
115,31
116,46
117,37
118,37
119,31
120,37
121,28
122,33
123,25
124,28
125,30
126,31
127,32
128,33
129,37
130,25
131,22
132,44
133,32
134,54
135,30
136,26
137,33
138,34
139,27
140,31
141,42
142,24
143,29
144,35
145,50
146,42
147,39
148,34
149,21
150,26
151,32
152,34
153,20
154,28
155,29
156,30
157,24
158,28
159,32
160,28
161,36
162,27
163,23
164,22
165,24
166,29
167,17
168,27
169,35
170,25
171,26
172,34
173,23
174,30
175,24
176,34
177,34
178,35
179,16
180,18
181,31
182,25
183,25
184,25
185,24
186,25
187,25
188,28
189,27
190,30
191,19
192,30
193,21
194,30
195,25
196,19
197,28
198,20
199,18
200,23
201,11
202,18
203,27
204,22
205,24
206,34
207,21
208,25
209,20
210,19
211,24
212,15
213,14
214,29
215,23
216,19
217,29
218,15
219,21
220,21
221,24
222,21
223,21
224,32
225,8
226,18
227,13
228,26
229,38
230,22
231,25
232,14
233,19
234,21
235,29
236,25
237,35
238,18
239,28
240,27
241,20
242,30
243,30
244,17
245,23
246,23
247,24
248,18
249,25
250,18
251,21
252,21
253,21
254,21
255,24
256,20
257,17
258,20
259,17
260,31
261,25
262,15
263,17
264,23
265,21
266,18
267,20
268,13
269,22
270,20
271,27
272,20
273,26
274,23
275,16
276,16
277,18
278,22
279,26
280,26
281,19
282,16
283,9
284,17
285,12
286,19
287,23
288,17
289,13
290,16
291,26
292,23
293,26
294,21
295,28
296,10
297,29
298,20
299,18
300,21
301,19
302,17
303,24
304,21
305,23
306,13
307,19
308,23
309,22
310,15
311,23
312,23
313,28
314,22
315,23
316,23
317,18
318,19
319,16
320,23
321,18
322,14
323,10
324,23
325,18
326,15
327,22
328,14
329,15
330,23
331,16
332,26
333,13
334,23
335,24
336,22
337,14
338,20
339,25
340,19
341,24
342,22
343,20
344,18
345,13
346,15
347,25
348,21
349,21
350,20
351,15
352,16
353,18
354,20
355,17
356,17
357,17
358,20
359,19
360,13
361,22
362,19
363,29
364,21
365,16
366,18
367,17
368,18
369,11
370,19
371,13
372,14
373,12
374,17
375,17
376,12
377,22
378,17
379,19
380,22
381,21
382,19
383,22
384,21
385,18
386,14
387,19
388,22
389,24
390,14
391,20
392,19
393,23
394,18
395,13
396,17
397,15
398,8
399,10
400,24
401,17
402,14
403,14
404,19
405,21
406,14
407,20
408,17
409,12
410,21
411,12
412,20
413,11
414,9
415,20
416,12
417,12
418,14
419,12
420,22
421,18
422,22
423,22
424,18
425,20
426,13
427,17
428,24
429,27
430,20
431,16
432,14
433,15
434,17
435,17
436,14
437,12
438,21
439,10
440,9
441,26
442,18
443,13
444,22
445,17
446,14
447,19
448,30
449,12
450,14
451,18
452,17
453,20
454,23
455,12
456,13
457,14
458,18
459,17
460,16
461,18
462,14
463,13
464,19
465,11
466,22
467,16
468,15
469,17
470,18
471,13
472,14
473,7
474,10
475,17
476,13
477,21
478,16
479,21
480,20
481,22
482,16
483,21
484,18
485,14
486,13
487,16
488,13
489,17
490,20
491,19
492,13
493,19
494,14
495,19
496,14
497,15
498,18
499,16
500,19
501,11
502,22
503,12
504,9
505,24
506,10
507,9
508,21
509,11
510,15
511,15
512,5
513,9
514,7
515,15
516,14
517,23
518,15
519,17
520,12
521,8
522,18
523,24
524,12
525,14
526,16
527,15
528,16
529,16
530,18
531,16
532,26
533,12
534,12
535,18
536,11
537,15
538,15
539,16
540,20
541,16
542,15
543,18
544,22
545,14
546,11
547,13
548,19
549,19
550,13
551,14
552,15
553,17
554,17
555,9
556,15
557,10
558,13
559,13
560,9
561,13
562,13
563,17
564,17
565,10
566,10
567,14
568,17
569,18
570,17
571,16
572,12
573,9
574,16
575,17
576,16
577,13
578,10
579,14
580,13
581,15
582,11
583,13
584,14
585,12
586,10
587,15
588,11
589,13
590,18
591,8
592,17
593,9
594,15
595,8
596,15
597,19
598,9
599,14
600,11
601,8
602,18
603,14
604,19
605,12
606,11
607,10
608,16
609,7
610,15
611,14
612,15
613,19
614,16
615,17
616,7
617,15
618,20
619,12
620,14
621,15
622,13
623,13
624,11
625,15
626,15
627,14
628,13
629,13
630,10
631,11
632,16
633,13
634,18
635,18
636,17
637,10
638,12
639,10
640,11
641,16
642,17
643,17
644,9
645,7
646,13
647,14
648,16
649,10
650,19
651,12
652,13
653,18
654,15
655,8
656,10
657,14
658,18
659,15
660,15
661,16
662,20
663,11
664,13
665,17
666,14
667,8
668,17
669,17
670,10
671,7
672,9
673,12
674,16
675,14
676,15
677,14
678,15
679,12
680,19
681,16
682,5
683,8
684,17
685,16
686,18
687,12
688,10
689,17
690,8
691,14
692,17
693,12
694,8
695,11
696,11
697,15
698,16
699,11
700,11
701,15
702,9
703,16
704,13
705,6
706,17
707,9
708,17
709,10
710,20
711,14
712,13
713,10
714,16
715,10
716,13
717,12
718,12
719,12
720,10
721,19
722,12
723,13
724,17
725,13
726,16
727,16
728,20
729,13
730,13
731,10
732,7
733,9
734,12
735,11
736,14
737,16
738,13
739,13
740,12
741,19
742,12
743,12
744,12
745,10
746,10
747,11
748,14
749,13
750,15
751,7
752,12
753,15
754,17
755,11
756,11
757,12
758,14
759,16
760,8
761,9
762,9
763,13
764,10
765,10
766,15
767,12
768,16
769,8
770,15
771,15
772,12
773,6
774,14
775,12
776,12
777,7
778,7
779,15
780,15
781,7
782,13
783,12
784,13
785,8
786,8
787,17
788,9
789,13
790,13
791,13
792,12
793,11
794,14
795,17
796,12
797,7
798,15
799,15
800,11
801,18
802,16
803,14
804,13
805,10
806,8
807,13
808,12
809,14
810,15
811,11
812,7
813,9
814,12
815,9
816,7
817,13
818,10
819,13
820,7
821,16
822,12
823,14
824,10
825,8
826,14
827,11
828,12
829,13
830,9
831,8
832,16
833,17
834,13
835,16
836,14
837,11
838,11
839,15
840,16
841,12
842,12
843,9
844,11
845,11
846,10
847,12
848,10
849,9
850,8
851,9
852,10
853,12
854,15
855,9
856,10
857,7
858,7
859,11
860,8
861,10
862,14
863,14
864,12
865,16
866,13
867,10
868,14
869,13
870,11
871,8
872,12
873,9
874,10
875,9
876,10
877,12
878,10
879,13
880,6
881,11
882,11
883,12
884,9
885,10
886,5
887,11
888,9
889,11
890,7
891,11
892,16
893,13
894,10
895,15
896,13
897,14
898,7
899,14
900,17
901,5
902,9
903,12
904,13
905,11
906,9
907,12
908,11
909,11
910,12
911,12
912,10
913,8
914,11
915,8
916,13
917,9
918,11
919,13
920,8
921,16
922,11
923,8
924,15
925,7
926,10
927,16
928,11
929,13
930,11
931,11
932,11
933,16
934,11
935,13
936,9
937,9
938,11
939,8
940,11
941,12
942,8
943,12
944,8
945,11
946,12
947,11
948,14
949,12
950,9
951,11
952,9
953,13
954,10
955,10
956,6
957,11
958,16
959,10
960,9
961,8
962,14
963,12
964,12
965,14
966,7
967,5
968,14
969,13
970,13
971,12
972,10
973,4
974,7
975,13
976,11
977,12
978,18
979,8
980,8
981,13
982,9
983,9
984,9
985,12
986,10
987,11
988,14
989,7
990,9
991,14
992,15
993,14
994,13
995,11
996,10
997,11
998,8
999,15
1000,12
1001,9
1002,10
1003,12
1004,16
1005,8
1006,9
1007,6
1008,16
1009,11
1010,16
1011,12
1012,16
1013,8
1014,11
1015,16
1016,9
1017,14
1018,15
1019,8
1020,9
1021,14
1022,14
1023,10
1024,8
1025,14
1026,11
1027,6
1028,10
1029,12
1030,8
1031,16
1032,12
1033,10
1034,13
1035,13
1036,15
1037,7
1038,11
1039,8
