-1,0,58,31,1
-1,0,86,30,1
-1,0,43,15,1
-1,0,32,10,1
-1,0,43,27,1
-1,0,76,64,1
-1,0,51,94,1
-1,0,10,30,1
0,1,5,0,1
0,1,36,7,1
0,1,61,41,1
0,1,80,39,1
0,1,98,36,1
0,1,111,0,1
0,1,17,21,1
0,1,5,93,1
1,2,100,2,1
1,2,27,22,1
1,2,29,25,1
1,2,90,2,1
1,2,30,26,1
1,2,28,21,1
1,2,0,51,1
1,2,6,91,1
2,3,93,5,1
2,3,42,21,1
2,3,81,29,1
2,3,71,27,1
2,3,28,24,1
2,3,32,21,1
2,3,25,26,1
2,3,90,100,1
3,4,68,46,1
3,4,41,37,1
3,4,74,21,1
3,4,46,14,1
3,4,21,17,1
3,4,44,16,1
3,4,23,26,1
3,4,28,63,1
4,5,107,7,1
4,5,67,33,1
4,5,86,85,1
4,5,96,50,1
4,5,72,24,1
4,5,119,34,1
4,5,31,51,1
4,5,85,106,1
5,6,66,50,1
5,6,24,15,1
5,6,23,20,1
5,6,77,37,1
5,6,93,42,1
5,6,85,60,1
5,6,21,77,1
5,6,29,73,1
6,7,42,4,1
6,7,110,20,1
6,7,88,7,1
6,7,28,12,1
6,7,72,10,1
6,7,114,68,1
6,7,18,21,1
6,7,18,34,1
7,8,26,8,1
7,8,90,16,1
7,8,109,68,1
7,8,82,72,1
7,8,56,51,1
7,8,110,23,1
7,8,54,94,1
7,8,19,24,1
8,9,64,48,1
8,9,81,11,1
8,9,50,24,1
8,9,65,45,1
8,9,61,13,1
8,9,53,48,1
8,9,12,31,1
8,9,36,40,1
9,10,36,24,1
9,10,62,15,1
9,10,32,27,1
9,10,105,58,1
9,10,97,58,1
9,10,30,26,1
9,10,74,89,1
9,10,38,69,1
10,11,42,27,1
10,11,91,69,1
10,11,78,34,1
10,11,51,37,1
10,11,82,18,1
10,11,91,50,1
10,11,56,106,1
10,11,23,68,1
11,12,114,43,1
11,12,93,86,1
11,12,109,89,1
11,12,23,13,1
11,12,30,22,1
11,12,84,71,1
11,12,3,81,1
11,12,58,86,1
12,13,23,15,1
12,13,67,34,1
12,13,109,19,1
12,13,96,50,1
12,13,34,16,1
12,13,72,64,1
12,13,0,29,1
12,13,23,80,1
13,14,112,8,1
13,14,111,6,1
13,14,21,7,1
13,14,51,0,1
13,14,91,45,1
13,14,108,53,1
13,14,71,73,1
13,14,32,100,1
14,15,29,2,1
14,15,27,8,1
14,15,33,23,1
14,15,106,17,1
14,15,23,0,1
14,15,63,54,1
14,15,67,110,1
14,15,21,94,1
15,16,102,88,1
15,16,34,26,1
15,16,117,78,1
15,16,109,16,1
15,16,89,64,1
15,16,112,66,1
15,16,40,107,1
15,16,56,92,1
16,17,88,32,1
16,17,71,10,1
16,17,87,26,1
16,17,81,68,1
16,17,70,4,1
16,17,31,3,1
16,17,15,47,1
16,17,18,108,1
17,18,107,63,1
17,18,71,14,1
17,18,26,2,1
17,18,66,29,1
17,18,46,29,1
17,18,92,49,1
17,18,43,60,1
17,18,32,36,1
18,19,22,17,1
18,19,107,94,1
18,19,94,42,1
18,19,45,39,1
18,19,82,72,1
18,19,41,22,1
18,19,38,102,1
18,19,3,31,1
19,20,68,64,1
19,20,63,23,1
19,20,95,43,1
19,20,98,84,1
19,20,80,43,1
19,20,54,3,1
19,20,25,58,1
19,20,96,104,1
20,21,37,36,1
20,21,71,36,1
20,21,29,15,1
20,21,44,25,1
20,21,42,31,1
20,21,54,32,1
20,21,16,66,1
20,21,37,38,1
21,22,117,4,1
21,22,47,46,1
21,22,34,32,1
21,22,111,2,1
21,22,93,1,1
21,22,103,10,1
21,22,4,44,1
21,22,7,47,1
22,23,40,30,1
22,23,58,31,1
22,23,104,91,1
22,23,71,9,1
22,23,62,50,1
22,23,76,52,1
22,23,72,107,1
22,23,31,58,1
23,24,54,27,1
23,24,101,13,1
23,24,106,52,1
23,24,51,16,1
23,24,116,83,1
23,24,21,9,1
23,24,3,81,1
23,24,47,50,1
24,25,61,21,1
24,25,107,6,1
24,25,84,18,1
24,25,104,91,1
24,25,26,2,1
24,25,53,4,1
24,25,99,119,1
24,25,49,108,1
25,26,102,51,1
25,26,78,54,1
25,26,31,23,1
25,26,98,21,1
25,26,85,46,1
25,26,31,21,1
25,26,60,95,1
25,26,7,68,1
26,27,115,43,1
26,27,72,39,1
26,27,62,6,1
26,27,79,71,1
26,27,46,14,1
26,27,25,16,1
26,27,10,71,1
26,27,56,67,1
27,28,46,39,1
27,28,42,27,1
27,28,114,34,1
27,28,46,30,1
27,28,67,56,1
27,28,27,26,1
27,28,35,37,1
27,28,20,33,1
28,29,69,44,1
28,29,74,23,1
28,29,84,23,1
28,29,113,75,1
28,29,31,0,1
28,29,87,25,1
28,29,19,82,1
28,29,76,103,1
29,30,110,41,1
29,30,54,40,1
29,30,76,37,1
29,30,56,46,1
29,30,31,4,1
29,30,26,1,1
29,30,13,23,1
29,30,28,95,1
30,31,72,24,1
30,31,103,13,1
30,31,48,29,1
30,31,61,24,1
30,31,23,18,1
30,31,82,54,1
30,31,42,93,1
30,31,27,54,1
31,32,63,39,1
31,32,119,91,1
31,32,66,16,1
31,32,74,43,1
31,32,90,10,1
31,32,22,15,1
31,32,41,61,1
31,32,30,117,1
32,33,109,51,1
32,33,50,47,1
32,33,36,16,1
32,33,40,29,1
32,33,94,38,1
32,33,101,21,1
32,33,23,43,1
32,33,24,50,1
33,34,28,18,1
33,34,69,49,1
33,34,107,42,1
33,34,47,26,1
33,34,58,48,1
33,34,49,29,1
33,34,11,21,1
33,34,19,63,1
34,35,22,17,1
34,35,72,29,1
34,35,85,10,1
34,35,30,23,1
34,35,85,17,1
34,35,115,72,1
34,35,29,70,1
34,35,22,36,1
35,36,59,16,1
35,36,40,0,1
35,36,104,80,1
35,36,59,43,1
35,36,116,89,1
35,36,28,20,1
35,36,21,34,1
35,36,38,69,1
36,37,92,1,1
36,37,75,8,1
36,37,62,37,1
36,37,25,16,1
36,37,99,30,1
36,37,76,62,1
36,37,38,63,1
36,37,0,36,1
37,38,85,43,1
37,38,31,29,1
37,38,70,46,1
37,38,64,21,1
37,38,48,30,1
37,38,66,48,1
37,38,35,93,1
37,38,21,74,1
38,39,75,40,1
38,39,65,37,1
38,39,33,5,1
38,39,65,22,1
38,39,69,56,1
38,39,119,79,1
38,39,55,91,1
38,39,74,111,1
39,40,26,23,1
39,40,104,19,1
39,40,118,100,1
39,40,63,12,1
39,40,97,87,1
39,40,113,75,1
39,40,8,41,1
39,40,25,56,1
40,41,91,47,1
40,41,91,50,1
40,41,71,49,1
40,41,76,64,1
40,41,40,34,1
40,41,105,25,1
40,41,57,108,1
40,41,39,72,1
41,42,44,31,1
41,42,54,21,1
41,42,24,5,1
41,42,118,5,1
41,42,11,0,1
41,42,116,40,1
41,42,63,113,1
41,42,96,103,1
42,43,37,35,1
42,43,98,92,1
42,43,46,39,1
42,43,24,11,1
42,43,37,8,1
42,43,56,22,1
42,43,12,25,1
42,43,9,75,1
43,44,54,6,1
43,44,108,53,1
43,44,26,16,1
43,44,91,21,1
43,44,65,51,1
43,44,32,5,1
43,44,0,59,1
43,44,1,27,1
44,45,112,58,1
44,45,72,49,1
44,45,84,66,1
44,45,32,21,1
44,45,50,2,1
44,45,39,27,1
44,45,0,5,1
44,45,4,87,1
45,46,55,24,1
45,46,42,9,1
45,46,104,51,1
45,46,84,24,1
45,46,50,39,1
45,46,39,27,1
45,46,9,93,1
45,46,30,117,1
46,47,79,49,1
46,47,42,31,1
46,47,47,26,1
46,47,29,28,1
46,47,87,9,1
46,47,41,3,1
46,47,4,88,1
46,47,87,118,1
47,48,31,12,1
47,48,69,7,1
47,48,42,40,1
47,48,90,72,1
47,48,101,24,1
47,48,76,63,1
47,48,21,60,1
47,48,38,68,1
48,49,61,38,1
48,49,30,28,1
48,49,118,103,1
48,49,23,11,1
48,49,83,24,1
48,49,112,22,1
48,49,26,40,1
48,49,20,57,1
49,50,63,12,1
49,50,48,28,1
49,50,103,24,1
49,50,60,55,1
49,50,49,34,1
49,50,37,28,1
49,50,24,52,1
49,50,29,31,1
50,51,37,32,1
50,51,112,45,1
50,51,41,31,1
50,51,108,25,1
50,51,67,55,1
50,51,27,18,1
50,51,28,64,1
50,51,23,74,1
51,52,109,68,1
51,52,85,3,1
51,52,87,50,1
51,52,99,27,1
51,52,78,42,1
51,52,52,44,1
51,52,24,63,1
51,52,0,12,1
52,53,29,28,1
52,53,79,43,1
52,53,106,60,1
52,53,107,37,1
52,53,88,22,1
52,53,68,23,1
52,53,62,100,1
52,53,52,70,1
53,54,94,42,1
53,54,84,45,1
53,54,30,26,1
53,54,82,43,1
53,54,84,50,1
53,54,96,71,1
53,54,20,68,1
53,54,57,75,1
54,55,75,9,1
54,55,102,51,1
54,55,95,75,1
54,55,78,11,1
54,55,49,39,1
54,55,25,21,1
54,55,24,26,1
54,55,20,25,1
55,56,79,39,1
55,56,98,25,1
55,56,90,74,1
55,56,36,15,1
55,56,105,101,1
55,56,31,4,1
55,56,51,109,1
55,56,5,83,1
56,57,11,0,1
56,57,69,22,1
56,57,66,35,1
56,57,74,23,1
56,57,17,0,1
56,57,50,1,1
56,57,32,34,1
56,57,75,113,1
57,58,73,39,1
57,58,43,23,1
57,58,35,27,1
57,58,89,64,1
57,58,97,39,1
57,58,112,39,1
57,58,37,102,1
57,58,24,72,1
58,59,26,0,1
58,59,80,8,1
58,59,110,47,1
58,59,62,37,1
58,59,78,75,1
58,59,25,22,1
58,59,42,117,1
58,59,41,61,1
59,60,37,31,1
59,60,72,18,1
59,60,30,28,1
59,60,62,53,1
59,60,50,23,1
59,60,71,60,1
59,60,8,29,1
59,60,6,45,1
60,61,118,103,1
60,61,115,27,1
60,61,96,75,1
60,61,30,11,1
60,61,66,53,1
60,61,117,97,1
60,61,16,39,1
60,61,50,75,1
61,62,87,75,1
61,62,106,36,1
61,62,22,16,1
61,62,96,12,1
61,62,80,31,1
61,62,68,43,1
61,62,2,21,1
61,62,18,41,1
62,63,26,0,1
62,63,112,91,1
62,63,48,21,1
62,63,114,5,1
62,63,43,32,1
62,63,66,41,1
62,63,88,93,1
62,63,37,71,1
63,64,98,47,1
63,64,41,0,1
63,64,97,34,1
63,64,45,20,1
63,64,57,27,1
63,64,58,46,1
63,64,27,105,1
63,64,0,59,1
64,65,84,26,1
64,65,112,24,1
64,65,32,28,1
64,65,22,13,1
64,65,57,37,1
64,65,80,61,1
64,65,66,118,1
64,65,42,111,1
65,66,51,37,1
65,66,44,34,1
65,66,50,22,1
65,66,56,54,1
65,66,30,23,1
65,66,42,31,1
65,66,28,80,1
65,66,9,89,1
66,67,70,31,1
66,67,112,8,1
66,67,85,37,1
66,67,104,43,1
66,67,60,11,1
66,67,65,27,1
66,67,8,37,1
66,67,19,22,1
67,68,24,19,1
67,68,76,12,1
67,68,31,20,1
67,68,90,63,1
67,68,70,8,1
67,68,65,51,1
67,68,49,57,1
67,68,54,78,1
68,69,110,67,1
68,69,83,25,1
68,69,91,22,1
68,69,105,101,1
68,69,28,5,1
68,69,34,6,1
68,69,43,116,1
68,69,24,48,1
69,70,90,74,1
69,70,22,1,1
69,70,72,30,1
69,70,34,5,1
69,70,99,76,1
69,70,98,32,1
69,70,43,85,1
69,70,63,99,1
70,71,78,8,1
70,71,77,56,1
70,71,65,35,1
70,71,84,1,1
70,71,38,37,1
70,71,115,27,1
70,71,74,115,1
70,71,8,37,1
71,72,29,3,1
71,72,58,53,1
71,72,47,15,1
71,72,61,16,1
71,72,78,69,1
71,72,100,41,1
71,72,29,55,1
71,72,12,31,1
72,73,116,63,1
72,73,72,29,1
72,73,112,66,1
72,73,23,9,1
72,73,64,58,1
72,73,114,26,1
72,73,18,26,1
72,73,1,50,1
73,74,116,95,1
73,74,42,28,1
73,74,28,26,1
73,74,81,23,1
73,74,45,30,1
73,74,118,114,1
73,74,12,41,1
73,74,24,43,1
74,75,82,1,1
74,75,100,41,1
74,75,74,18,1
74,75,34,0,1
74,75,119,49,1
74,75,83,22,1
74,75,39,95,1
74,75,38,51,1
75,76,24,15,1
75,76,93,1,1
75,76,69,44,1
75,76,33,16,1
75,76,83,62,1
75,76,114,19,1
75,76,66,74,1
75,76,9,105,1
76,77,43,23,1
76,77,98,92,1
76,77,38,30,1
76,77,34,10,1
76,77,79,74,1
76,77,47,22,1
76,77,17,85,1
76,77,7,35,1
77,78,73,39,1
77,78,58,29,1
77,78,114,67,1
77,78,43,21,1
77,78,54,40,1
77,78,64,48,1
77,78,11,57,1
77,78,43,64,1
78,79,66,45,1
78,79,47,22,1
78,79,63,6,1
78,79,81,35,1
78,79,71,41,1
78,79,45,31,1
78,79,56,70,1
78,79,10,103,1
79,80,89,48,1
79,80,99,22,1
79,80,84,1,1
79,80,90,71,1
79,80,46,22,1
79,80,83,62,1
79,80,22,36,1
79,80,21,23,1
80,81,119,35,1
80,81,51,33,1
80,81,41,40,1
80,81,48,21,1
80,81,96,28,1
80,81,36,32,1
80,81,37,64,1
80,81,24,49,1
81,82,100,5,1
81,82,22,18,1
81,82,35,8,1
81,82,98,93,1
81,82,95,6,1
81,82,38,37,1
81,82,1,68,1
81,82,54,82,1
82,83,96,71,1
82,83,108,105,1
82,83,102,1,1
82,83,115,43,1
82,83,81,39,1
82,83,56,53,1
82,83,58,112,1
82,83,19,62,1
83,84,108,51,1
83,84,109,39,1
83,84,35,28,1
83,84,69,65,1
83,84,64,31,1
83,84,109,0,1
83,84,9,60,1
83,84,8,44,1
84,85,45,34,1
84,85,58,23,1
84,85,69,12,1
84,85,106,21,1
84,85,35,22,1
84,85,57,34,1
84,85,71,104,1
84,85,51,74,1
85,86,48,46,1
85,86,70,52,1
85,86,33,28,1
85,86,82,18,1
85,86,51,20,1
85,86,73,55,1
85,86,29,82,1
85,86,41,45,1
86,87,52,20,1
86,87,33,28,1
86,87,99,22,1
86,87,36,33,1
86,87,89,12,1
86,87,51,34,1
86,87,9,87,1
86,87,22,34,1
87,88,103,53,1
87,88,80,31,1
87,88,75,74,1
87,88,31,0,1
87,88,115,102,1
87,88,92,65,1
87,88,8,32,1
87,88,31,44,1
88,89,85,60,1
88,89,74,23,1
88,89,78,11,1
88,89,85,14,1
88,89,103,29,1
88,89,100,69,1
88,89,35,42,1
88,89,2,26,1
89,90,100,58,1
89,90,88,4,1
89,90,106,9,1
89,90,31,22,1
89,90,42,35,1
89,90,30,21,1
89,90,58,75,1
89,90,38,78,1
90,91,46,2,1
90,91,37,28,1
90,91,88,30,1
90,91,112,22,1
90,91,75,74,1
90,91,78,38,1
90,91,25,52,1
90,91,90,100,1
91,92,49,30,1
91,92,83,19,1
91,92,26,11,1
91,92,110,12,1
91,92,79,72,1
91,92,66,5,1
91,92,56,58,1
91,92,22,31,1
92,93,86,53,1
92,93,22,18,1
92,93,51,10,1
92,93,87,12,1
92,93,47,38,1
92,93,40,37,1
92,93,20,51,1
92,93,49,69,1
93,94,57,25,1
93,94,68,3,1
93,94,22,14,1
93,94,52,27,1
93,94,45,6,1
93,94,31,6,1
93,94,29,90,1
93,94,29,31,1
94,95,86,59,1
94,95,78,44,1
94,95,96,75,1
94,95,74,21,1
94,95,45,41,1
94,95,62,5,1
94,95,23,100,1
94,95,5,93,1
95,96,50,24,1
95,96,112,83,1
95,96,114,18,1
95,96,27,13,1
95,96,117,28,1
95,96,52,0,1
95,96,30,38,1
95,96,8,80,1
96,97,112,59,1
96,97,23,16,1
96,97,49,25,1
96,97,22,14,1
96,97,81,18,1
96,97,107,64,1
96,97,0,13,1
96,97,31,46,1
97,98,32,18,1
97,98,51,10,1
97,98,116,109,1
97,98,75,21,1
97,98,88,1,1
97,98,109,29,1
97,98,4,70,1
97,98,43,64,1
98,99,87,75,1
98,99,85,35,1
98,99,73,9,1
98,99,44,34,1
98,99,93,5,1
98,99,22,8,1
98,99,114,118,1
98,99,12,31,1
99,100,29,21,1
99,100,27,6,1
99,100,114,5,1
99,100,59,39,1
99,100,87,60,1
99,100,51,4,1
99,100,9,71,1
99,100,16,51,1
100,101,56,22,1
100,101,65,28,1
100,101,42,25,1
100,101,113,26,1
100,101,81,18,1
100,101,110,67,1
100,101,96,103,1
100,101,44,49,1
101,102,21,12,1
101,102,101,21,1
101,102,42,31,1
101,102,40,0,1
101,102,80,8,1
101,102,56,25,1
101,102,13,103,1
101,102,73,82,1
102,103,74,51,1
102,103,59,26,1
102,103,69,63,1
102,103,89,58,1
102,103,80,9,1
102,103,113,10,1
102,103,79,119,1
102,103,69,88,1
103,104,27,15,1
103,104,116,26,1
103,104,68,7,1
103,104,46,38,1
103,104,112,0,1
103,104,95,6,1
103,104,10,72,1
103,104,28,64,1
104,105,78,74,1
104,105,81,38,1
104,105,103,35,1
104,105,41,3,1
104,105,3,0,1
104,105,25,17,1
104,105,30,45,1
104,105,0,112,1
105,106,80,60,1
105,106,43,5,1
105,106,107,42,1
105,106,68,23,1
105,106,114,87,1
105,106,114,31,1
105,106,35,64,1
105,106,0,17,1
106,107,51,42,1
106,107,104,91,1
106,107,85,5,1
106,107,84,19,1
106,107,79,71,1
106,107,113,21,1
106,107,27,80,1
106,107,22,65,1
107,108,34,10,1
107,108,94,23,1
107,108,41,27,1
107,108,30,23,1
107,108,92,33,1
107,108,91,21,1
107,108,102,115,1
107,108,9,77,1
108,109,78,69,1
108,109,59,21,1
108,109,41,21,1
108,109,59,38,1
108,109,44,30,1
108,109,111,29,1
108,109,39,97,1
108,109,15,80,1
109,110,40,28,1
109,110,64,28,1
109,110,116,109,1
109,110,68,53,1
109,110,41,8,1
109,110,82,18,1
109,110,54,82,1
109,110,35,48,1
110,111,47,39,1
110,111,61,41,1
110,111,80,20,1
110,111,73,63,1
110,111,94,54,1
110,111,99,48,1
110,111,23,36,1
110,111,21,93,1
111,112,119,53,1
111,112,105,101,1
111,112,113,26,1
111,112,108,53,1
111,112,73,5,1
111,112,112,31,1
111,112,16,69,1
111,112,29,44,1
112,113,57,22,1
112,113,115,19,1
112,113,63,20,1
112,113,79,16,1
112,113,101,5,1
112,113,86,5,1
112,113,25,27,1
112,113,8,74,1
113,114,108,49,1
113,114,41,28,1
113,114,74,28,1
113,114,65,43,1
113,114,108,58,1
113,114,56,30,1
113,114,28,64,1
113,114,68,100,1
114,115,111,105,1
114,115,29,11,1
114,115,93,90,1
114,115,45,32,1
114,115,32,14,1
114,115,21,16,1
114,115,16,49,1
114,115,28,48,1
115,116,106,7,1
115,116,69,38,1
115,116,48,28,1
115,116,103,10,1
115,116,93,8,1
115,116,116,16,1
115,116,8,112,1
115,116,56,117,1
116,117,31,4,1
116,117,40,0,1
116,117,72,63,1
116,117,31,21,1
116,117,35,0,1
116,117,35,6,1
116,117,24,46,1
116,117,22,80,1
117,118,45,0,1
117,118,25,14,1
117,118,64,21,1
117,118,58,18,1
117,118,71,48,1
117,118,65,43,1
117,118,38,119,1
117,118,16,76,1
118,119,84,35,1
118,119,49,38,1
118,119,28,3,1
118,119,52,25,1
118,119,67,33,1
118,119,38,35,1
118,119,9,60,1
118,119,11,100,1
119,120,23,6,1
119,120,24,9,1
119,120,42,31,1
119,120,79,5,1
119,120,116,92,1
119,120,99,25,1
119,120,37,102,1
119,120,32,69,1
120,121,44,22,1
120,121,37,23,1
120,121,30,11,1
120,121,96,43,1
120,121,101,6,1
120,121,49,38,1
120,121,27,30,1
120,121,37,45,1
121,122,39,32,1
121,122,49,39,1
121,122,23,22,1
121,122,48,26,1
121,122,93,9,1
121,122,82,68,1
121,122,22,75,1
121,122,34,108,1
122,123,92,27,1
122,123,22,7,1
122,123,47,5,1
122,123,42,19,1
122,123,110,58,1
122,123,37,24,1
122,123,32,64,1
122,123,28,41,1
123,124,27,0,1
123,124,50,30,1
123,124,97,42,1
123,124,28,16,1
123,124,119,53,1
123,124,24,6,1
123,124,19,21,1
123,124,13,23,1
124,125,57,20,1
124,125,3,0,1
124,125,79,5,1
124,125,41,11,1
124,125,110,34,1
124,125,92,55,1
124,125,78,87,1
124,125,35,43,1
125,126,87,25,1
125,126,80,22,1
125,126,38,0,1
125,126,114,31,1
125,126,44,29,1
125,126,47,32,1
125,126,4,77,1
125,126,57,108,1
126,127,33,7,1
126,127,98,74,1
126,127,117,28,1
126,127,38,26,1
126,127,63,6,1
126,127,69,0,1
126,127,2,90,1
126,127,23,68,1
127,128,59,39,1
127,128,25,14,1
127,128,27,6,1
127,128,75,14,1
127,128,65,51,1
127,128,69,9,1
127,128,97,113,1
127,128,55,85,1
128,129,92,55,1
128,129,69,50,1
128,129,36,0,1
128,129,68,7,1
128,129,34,6,1
128,129,62,5,1
128,129,29,82,1
128,129,46,86,1
129,130,27,20,1
129,130,116,26,1
129,130,80,40,1
129,130,33,27,1
129,130,67,33,1
129,130,24,6,1
129,130,36,116,1
129,130,30,111,1
130,131,111,90,1
130,131,102,51,1
130,131,43,36,1
130,131,43,28,1
130,131,88,7,1
130,131,111,0,1
130,131,25,86,1
130,131,73,82,1
131,132,61,22,1
131,132,56,21,1
131,132,76,31,1
131,132,41,12,1
131,132,114,81,1
131,132,117,0,1
131,132,2,46,1
131,132,65,92,1
132,133,64,48,1
132,133,33,30,1
132,133,108,105,1
132,133,49,25,1
132,133,67,16,1
132,133,83,34,1
132,133,45,77,1
132,133,31,72,1
133,134,42,35,1
133,134,106,36,1
133,134,63,15,1
133,134,98,84,1
133,134,55,36,1
133,134,63,6,1
133,134,35,83,1
133,134,35,99,1
134,135,96,62,1
134,135,105,98,1
134,135,68,36,1
134,135,31,10,1
134,135,39,29,1
134,135,46,22,1
134,135,39,61,1
134,135,59,81,1
135,136,42,28,1
135,136,57,27,1
135,136,69,49,1
135,136,51,10,1
135,136,50,47,1
135,136,108,25,1
135,136,37,40,1
135,136,33,119,1
136,137,67,25,1
136,137,21,1,1
136,137,102,23,1
136,137,26,2,1
136,137,43,32,1
136,137,37,26,1
136,137,100,103,1
136,137,55,105,1
137,138,118,9,1
137,138,81,51,1
137,138,32,27,1
137,138,40,7,1
137,138,97,63,1
137,138,31,29,1
137,138,27,71,1
137,138,18,37,1
138,139,102,8,1
138,139,63,29,1
138,139,42,0,1
138,139,78,26,1
138,139,92,62,1
138,139,68,22,1
138,139,48,87,1
138,139,11,25,1
139,140,69,34,1
139,140,74,8,1
139,140,86,39,1
139,140,44,36,1
139,140,35,9,1
139,140,97,87,1
139,140,42,107,1
139,140,18,28,1
140,141,107,16,1
140,141,114,68,1
140,141,68,46,1
140,141,115,19,1
140,141,68,23,1
140,141,29,15,1
140,141,22,26,1
140,141,32,48,1
141,142,85,22,1
141,142,84,28,1
141,142,34,16,1
141,142,113,21,1
141,142,83,5,1
141,142,101,5,1
141,142,11,29,1
141,142,16,79,1
142,143,83,24,1
142,143,88,71,1
142,143,64,38,1
142,143,26,13,1
142,143,27,21,1
142,143,96,75,1
142,143,59,81,1
142,143,26,85,1
143,144,82,58,1
143,144,95,25,1
143,144,77,4,1
143,144,53,21,1
143,144,31,12,1
143,144,76,30,1
143,144,12,24,1
143,144,27,39,1
144,145,117,114,1
144,145,63,23,1
144,145,89,41,1
144,145,58,37,1
144,145,88,55,1
144,145,82,68,1
144,145,99,101,1
144,145,48,91,1
145,146,88,60,1
145,146,107,24,1
145,146,51,23,1
145,146,69,16,1
145,146,24,18,1
145,146,45,26,1
145,146,30,49,1
145,146,23,95,1
146,147,108,18,1
146,147,97,39,1
146,147,76,23,1
146,147,28,24,1
146,147,92,54,1
146,147,98,68,1
146,147,58,105,1
146,147,52,114,1
147,148,22,1,1
147,148,77,45,1
147,148,117,61,1
147,148,59,26,1
147,148,84,64,1
147,148,104,72,1
147,148,26,114,1
147,148,103,110,1
148,149,115,100,1
148,149,78,32,1
148,149,38,27,1
148,149,83,45,1
148,149,32,4,1
148,149,75,15,1
148,149,65,72,1
148,149,17,26,1
149,150,43,24,1
149,150,96,57,1
149,150,119,46,1
149,150,94,5,1
149,150,118,52,1
149,150,108,72,1
149,150,18,74,1
149,150,7,40,1
150,151,65,24,1
150,151,90,34,1
150,151,70,0,1
150,151,84,66,1
150,151,84,1,1
150,151,33,22,1
150,151,51,102,1
150,151,55,64,1
151,152,54,3,1
151,152,96,69,1
151,152,23,16,1
151,152,103,28,1
151,152,33,24,1
151,152,66,16,1
151,152,70,109,1
151,152,28,37,1
152,153,33,26,1
152,153,87,78,1
152,153,105,101,1
152,153,23,16,1
152,153,101,34,1
152,153,114,68,1
152,153,19,46,1
152,153,9,38,1
153,154,105,29,1
153,154,25,6,1
153,154,32,0,1
153,154,39,6,1
153,154,108,38,1
153,154,43,27,1
153,154,76,104,1
153,154,50,99,1
154,155,104,39,1
154,155,108,4,1
154,155,47,20,1
154,155,28,14,1
154,155,79,53,1
154,155,103,76,1
154,155,9,108,1
154,155,12,23,1
155,156,116,94,1
155,156,68,3,1
155,156,76,62,1
155,156,20,0,1
155,156,104,77,1
155,156,93,35,1
155,156,45,49,1
155,156,24,65,1
156,157,74,68,1
156,157,113,75,1
156,157,83,75,1
156,157,49,42,1
156,157,56,30,1
156,157,91,21,1
156,157,18,114,1
156,157,41,51,1
157,158,113,78,1
157,158,39,16,1
157,158,41,8,1
157,158,113,26,1
157,158,104,77,1
157,158,28,20,1
157,158,51,102,1
157,158,43,114,1
158,159,24,1,1
158,159,35,28,1
158,159,62,20,1
158,159,54,6,1
158,159,48,35,1
158,159,55,16,1
158,159,38,66,1
158,159,44,94,1
159,160,50,2,1
159,160,90,74,1
159,160,64,57,1
159,160,98,32,1
159,160,8,0,1
159,160,106,7,1
159,160,15,108,1
159,160,34,45,1
160,161,47,15,1
160,161,37,3,1
160,161,62,9,1
160,161,23,7,1
160,161,78,69,1
160,161,91,45,1
160,161,21,35,1
160,161,5,33,1
161,162,72,24,1
161,162,50,25,1
161,162,103,24,1
161,162,113,59,1
161,162,22,13,1
161,162,22,5,1
161,162,9,48,1
161,162,11,45,1
162,163,27,15,1
162,163,33,32,1
162,163,85,0,1
162,163,26,21,1
162,163,91,31,1
162,163,81,11,1
162,163,38,49,1
162,163,31,46,1
163,164,49,30,1
163,164,92,84,1
163,164,48,20,1
163,164,24,11,1
163,164,64,5,1
163,164,86,46,1
163,164,4,62,1
163,164,5,24,1
164,165,117,16,1
164,165,52,27,1
164,165,111,91,1
164,165,87,75,1
164,165,49,25,1
164,165,62,51,1
164,165,54,82,1
164,165,16,117,1
165,166,63,28,1
165,166,36,9,1
165,166,105,98,1
165,166,33,21,1
165,166,31,19,1
165,166,74,68,1
165,166,18,81,1
165,166,20,24,1
166,167,55,34,1
166,167,111,29,1
166,167,43,18,1
166,167,81,32,1
166,167,94,5,1
166,167,36,9,1
166,167,14,71,1
166,167,25,27,1
167,168,70,11,1
167,168,83,22,1
167,168,83,63,1
167,168,87,9,1
167,168,105,101,1
167,168,31,12,1
167,168,13,26,1
167,168,55,73,1
168,169,102,8,1
168,169,81,38,1
168,169,39,32,1
168,169,9,0,1
168,169,82,72,1
168,169,103,28,1
168,169,39,79,1
168,169,66,74,1
169,170,45,20,1
169,170,103,35,1
169,170,93,9,1
169,170,31,29,1
169,170,27,18,1
169,170,40,36,1
169,170,27,70,1
169,170,23,81,1
170,171,114,43,1
170,171,114,52,1
170,171,80,60,1
170,171,55,0,1
170,171,68,38,1
170,171,106,83,1
170,171,55,70,1
170,171,30,46,1
171,172,63,39,1
171,172,25,11,1
171,172,63,62,1
171,172,105,23,1
171,172,81,0,1
171,172,51,0,1
171,172,25,29,1
171,172,19,109,1
172,173,82,66,1
172,173,113,42,1
172,173,114,100,1
172,173,28,26,1
172,173,92,27,1
172,173,64,35,1
172,173,25,64,1
172,173,28,34,1
173,174,74,66,1
173,174,110,42,1
173,174,119,24,1
173,174,61,39,1
173,174,22,19,1
173,174,66,35,1
173,174,24,40,1
173,174,97,113,1
174,175,31,10,1
174,175,72,14,1
174,175,62,53,1
174,175,92,58,1
174,175,113,10,1
174,175,91,73,1
174,175,27,103,1
174,175,59,94,1
175,176,64,58,1
175,176,110,23,1
175,176,84,35,1
175,176,76,23,1
175,176,84,73,1
175,176,57,37,1
175,176,26,45,1
175,176,37,64,1
176,177,83,26,1
176,177,35,34,1
176,177,56,53,1
176,177,114,43,1
176,177,29,17,1
176,177,63,16,1
176,177,21,55,1
176,177,38,44,1
177,178,55,0,1
177,178,83,5,1
177,178,86,20,1
177,178,45,4,1
177,178,41,4,1
177,178,32,8,1
177,178,23,51,1
177,178,11,38,1
178,179,70,22,1
178,179,22,1,1
178,179,93,22,1
178,179,58,48,1
178,179,44,36,1
178,179,109,53,1
178,179,27,57,1
178,179,38,46,1
